X,Y,GRUP
184,157,0
-51,22,2
-60,11,2
-35,22,2
-55,27,2
10,-82,1
28,-94,1
-35,14,2
196,146,0
-52,5,2
20,-69,1
192,163,0
10,-108,1
167,157,0
17,-78,1
25,-69,1
23,-76,1
-62,32,2
182,158,0
27,-86,1
-35,28,2
-60,26,2
8,-81,1
-53,25,2
20,-86,1
15,-76,1
-48,12,2
192,166,0
181,175,0
-58,18,2
-65,14,2
-44,28,2
22,-74,1
176,172,0
172,175,0
-30,23,2
182,169,0
19,-92,1
10,-86,1
33,-85,1
158,177,0
-44,29,2
-57,12,2
188,150,0
-62,21,2
-51,14,2
-1,-92,1
18,-97,1
177,145,0
195,191,0
189,164,0
13,-76,1
-69,11,2
173,174,0
30,-73,1
174,171,0
185,178,0
-42,6,2
-44,35,2
40,-87,1
24,-84,1
27,-70,1
-41,23,2
14,-73,1
51,-89,1
19,-88,1
176,157,0
196,168,0
-54,19,2
-50,20,2
-69,11,2
-60,17,2
12,-87,1
170,180,0
174,171,0
23,-80,1
25,-87,1
165,177,0
-60,18,2
-45,4,2
-47,25,2
-62,36,2
-48,16,2
-49,23,2
-45,8,2
183,181,0
-42,4,2
-58,16,2
24,-83,1
3,-84,1
-57,27,2
-63,14,2
18,-73,1
176,180,0
-60,9,2
10,-79,1
-47,32,2
174,195,0
188,171,0
182,178,0
-42,21,2
-56,36,2
181,175,0
16,-90,1
184,155,0
-54,36,2
-48,26,2
178,185,0
9,-76,1
-68,16,2
184,167,0
-57,26,2
171,181,0
-44,11,2
17,-68,1
13,-100,1
-35,29,2
-38,27,2
178,179,0
-33,18,2
34,-69,1
190,169,0
-43,23,2
193,181,0
17,-75,1
-67,24,2
-44,29,2
172,184,0
16,-85,1
8,-72,1
-48,5,2
-56,-7,2
168,181,0
173,157,0
22,-73,1
20,-100,1
12,-80,1
171,188,0
184,174,0
-53,24,2
23,-70,1
175,182,0
26,-87,1
22,-83,1
21,-84,1
177,173,0
-45,28,2
-68,24,2
38,-84,1
182,177,0
26,-65,1
11,-93,1
-47,21,2
186,181,0
-46,5,2
17,-68,1
-45,37,2
30,-64,1
-55,24,2
-67,29,2
173,167,0
-53,29,2
-69,37,2
20,-75,1
186,164,0
185,190,0
183,153,0
18,-79,1
-57,23,2
16,-84,1
19,-70,1
-50,10,2
15,-57,1
-39,43,2
-53,20,2
190,176,0
2,-79,1
169,185,0
178,159,0
163,153,0
18,-83,1
183,171,0
-41,25,2
-58,39,2
171,172,0
-51,39,2
21,-80,1
182,168,0
1,-57,1
15,-78,1
170,171,0
174,180,0
-40,24,2
-40,23,2
-50,8,2
179,157,0
171,166,0
-55,13,2
179,170,0
54,-79,1
-44,12,2
170,176,0
-30,31,2
24,-86,1
-36,35,2
-40,21,2
196,165,0
168,176,0
-41,13,2
-55,19,2
-36,33,2
180,193,0
23,-57,1
7,-74,1
-67,5,2
20,-81,1
-59,29,2
-71,15,2
-48,28,2
16,-81,1
177,177,0
173,182,0
-49,20,2
182,-145,0
18,-83,1
182,169,0
14,-90,1
-68,12,2
192,180,0
-67,23,2
-42,17,2
9,-90,1
177,167,0
-66,19,2
25,-80,1
-45,25,2
-42,7,2
23,-75,1
-56,11,2
191,172,0
-43,17,2
2,-83,1
181,160,0
-49,16,2
26,-87,1
26,-79,1
159,173,0
38,-67,1
10,-69,1
-49,35,2
4,-100,1
-49,20,2
-55,14,2
16,-96,1
30,-91,1
31,-78,1
-38,19,2
190,151,0
3,-88,1
10,-63,1
167,145,0
21,-84,1
36,-69,1
-61,-74,2
27,-79,1
-46,8,2
-52,23,2
15,-76,1
163,186,0
12,-73,1
174,-68,1
-53,42,2
-45,17,2
24,-94,1
22,-62,1
12,-91,1
193,144,0
194,162,0
-56,33,2
26,-115,1
10,-89,1
36,-63,1
8,-80,1
22,-68,1
16,-76,1
182,180,0
5,-91,1
31,-93,1
-60,20,2
173,163,0
-50,5,2
175,170,0
-57,23,2
184,174,0
-59,18,2
-55,10,2
-44,20,2
14,-70,1
196,170,0
11,-60,1
18,-71,1
-50,10,2
187,151,0
181,175,0
174,165,0
29,-76,1
46,-62,1
15,-58,1
7,-88,1
190,99,0
20,-65,1
-53,10,2
158,180,0
166,176,0
-43,11,2
26,-87,1
-51,29,2
17,-70,1
170,163,0
20,-72,1
22,-95,1
-47,13,2
14,-77,1
188,159,0
-3,-86,1
38,-90,1
-59,21,2
193,175,0
-56,24,2
167,162,0
4,-91,1
27,-67,1
179,170,0
198,162,0
183,171,0
-58,23,2
-56,23,2
-53,20,2
193,161,0
-49,36,2
182,171,0
172,161,0
-48,11,2
-61,1,2
25,-86,1
-45,7,2
175,182,0
-47,12,2
28,-92,1
185,162,0
8,-99,1
-50,19,2
175,178,0
-60,32,2
26,-64,1
-51,20,2
-67,28,2
188,143,0
166,176,0
158,156,0
172,164,0
38,-89,1
-46,17,2
-49,5,2
14,-79,1
185,179,0
180,153,0
171,185,0
190,183,0
187,159,0
37,-79,1
31,-81,1
175,168,0
20,-78,1
-49,19,2
178,185,0
-44,23,2
-28,9,2
-56,22,2
191,159,0
187,161,0
20,-74,1
187,166,0
-55,36,2
197,160,0
25,-99,1
170,178,0
-37,35,2
-48,7,2
-47,23,2
-42,28,2
24,-85,1
-59,23,2
21,-70,1
-36,22,2
17,-102,1
-39,7,2
-40,31,2
10,-75,1
9,-78,1
184,172,0
30,-81,1
24,-71,1
183,171,0
-59,23,2
-47,29,2
183,193,0
-50,2,2
16,-84,1
-46,35,2
23,-92,1
28,-69,1
-54,5,2
-55,30,2
-62,4,2
40,-85,1
24,-80,1
41,-80,1
192,163,0
-46,29,2
-47,27,2
21,-81,1
182,182,0
177,166,0
182,154,0
25,-71,1
20,-66,1
176,180,0
-47,31,2
164,178,0
12,-77,1
28,-88,1
-76,38,2
172,171,0
178,173,0
22,-88,1
168,172,0
-70,26,2
26,-89,1
10,-68,1
34,-75,1
-62,2,2
-60,13,2
-40,28,2
27,-76,1
194,174,0
-10,-67,1
176,146,0
-29,14,2
-37,20,2
173,162,0
179,167,0
18,-78,1
-59,16,2
16,-98,1
-37,10,2
178,192,0
31,-86,1
13,-72,1
-37,20,2
-48,1,2
171,154,0
-59,22,2
-63,6,2
179,160,0
7,-93,1
7,-89,1
175,169,0
11,-78,1
-37,23,2
9,-95,1
168,180,0
182,153,0
13,-85,1
170,165,0
-64,10,2
190,171,0
14,-85,1
179,167,0
-61,15,2
-56,22,2
185,174,0
178,167,0
175,191,0
178,175,0
38,-69,1
-8,-89,1
-39,-3,2
-43,13,2
-61,24,2
23,-83,1
166,168,0
-38,28,2
-53,30,2
183,175,0
-45,30,2
-43,13,2
163,170,0
24,-70,1
21,-68,1
-73,17,2
12,-100,1
-44,15,2
-46,33,2
16,-83,1
184,160,0
-51,7,2
21,-93,1
163,165,0
32,-76,1
5,-63,1
168,176,0
-37,10,2
168,173,0
25,-69,1
178,175,0
23,-74,1
15,-80,1
-34,26,2
-52,26,2
182,146,0
-61,11,2
-45,17,2
20,-70,1
-34,10,2
15,-73,1
-37,14,2
39,-72,1
182,167,0
167,161,0
35,-63,1
-59,36,2
27,-73,1
-44,14,2
-60,24,2
-51,13,2
181,159,0
178,152,0
185,188,0
175,181,0
1,-100,1
-54,13,2
36,-71,1
-49,31,2
15,-88,1
12,-79,1
177,171,0
-40,22,2
14,-66,1
-47,12,2
14,-78,1
195,179,0
22,-78,1
16,-88,1
18,-74,1
17,-80,1
22,-86,1
12,-92,1
1,-88,1
21,-83,1
37,-63,1
191,165,0
15,-66,1
33,-71,1
2,-69,1
-51,32,2
162,149,0
23,-86,1
-50,1,2
-47,31,2
184,172,0
-57,18,2
194,170,0
199,177,0
-57,30,2
28,-77,1
-54,21,2
-56,10,2
-24,21,2
9,-73,1
177,170,0
38,-91,1
32,-76,1
-48,9,2
16,-99,1
-31,18,2
-51,16,2
-58,31,2
-51,12,2
-69,30,2
183,183,0
25,-89,1
11,-83,1
190,160,0
34,-78,1
14,-59,1
157,154,0
37,-79,1
-48,10,2
187,189,0
172,176,0
24,-83,1
-56,7,2
191,161,0
26,-80,1
22,-71,1
26,-83,1
190,167,0
184,185,0
1,-72,1
179,137,0
-55,9,2
-35,14,2
178,173,0
8,-93,1
181,175,0
177,161,0
18,-86,1
11,-81,1
37,-84,1
23,-100,1
-63,19,2
180,161,0
-47,16,2
22,-75,1
22,-89,1
34,-61,1
19,-81,1
174,182,0
-45,7,2
163,176,0
37,-88,1
-41,21,2
-55,25,2
-59,30,2
-61,4,2
-54,21,2
22,-71,1
175,177,0
179,173,0
36,-75,1
180,197,0
13,-69,1
181,160,0
-39,12,2
-37,25,2
-59,14,2
16,-80,1
9,-72,1
16,-84,1
159,161,0
-41,28,2
20,-79,1
27,-82,1
-39,33,2
195,164,0
35,-94,1
-49,25,2
163,175,0
-46,16,2
-62,14,2
181,157,0
179,167,0
187,167,0
1,-71,1
-46,22,2
-32,43,2
184,175,0
176,150,0
-60,-10,2
187,169,0
39,-71,1
187,184,0
18,-103,1
182,159,0
-32,1,2
27,-102,1
36,-77,1
-52,37,2
-50,29,2
175,171,0
-39,20,2
188,181,0
184,166,0
-26,16,2
-37,9,2
-43,32,2
170,166,0
199,181,0
30,-65,1
38,-108,1
33,-73,1
7,-69,1
18,-96,1
-50,19,2
185,152,0
9,-83,1
20,-82,1
-64,34,2
28,-105,1
40,-76,1
-38,23,2
192,157,0
173,166,0
18,-93,1
12,-96,1
185,164,0
-57,20,2
11,-77,1
196,163,0
34,-94,1
12,-73,1
194,156,0
184,180,0
41,-85,1
-59,14,2
-56,19,2
24,-77,1
189,173,0
-44,5,2
179,177,0
-45,27,2
-56,25,2
186,167,0
11,-98,1
181,175,0
-71,12,2
22,-90,1
30,-104,1
-37,18,2
-42,20,2
8,-75,1
183,172,0
194,176,0
172,164,0
181,188,0
-46,27,2
-45,23,2
-51,33,2
15,-81,1
179,162,0
6,-75,1
-49,27,2
33,-72,1
-34,16,2
186,189,0
32,-75,1
172,163,0
-59,22,2
196,167,0
-66,44,2
-49,25,2
161,178,0
194,169,0
18,-88,1
174,174,0
188,179,0
-67,35,2
-30,20,2
-50,33,2
16,-75,1
181,166,0
28,-74,1
14,-82,1
3,-86,1
40,-83,1
183,144,0
196,171,0
187,170,0
177,165,0
20,-87,1
31,-64,1
-75,4,2
15,-85,1
-44,24,2
174,188,0
33,-74,1
-51,16,2
-47,5,2
17,-83,1
7,-65,1
-52,26,2
180,183,0
188,170,0
166,162,0
179,166,0
25,-81,1
186,173,0
-58,25,2
-41,30,2
-55,19,2
20,-98,1
3,-89,1
27,-83,1
15,-90,1
26,-91,1
173,177,0
168,163,0
-62,31,2
34,-103,1
180,178,0
-51,18,2
24,-69,1
33,-79,1
189,180,0
-54,9,2
-40,17,2
16,-81,1
171,175,0
-45,13,2
10,-87,1
-54,23,2
-42,30,2
32,-85,1
-47,28,2
27,-80,1
48,-93,1
-59,17,2
184,171,0
170,163,0
176,164,0
-59,33,2
17,-103,1
171,163,0
187,172,0
174,172,0
13,-60,1
-4,-78,1
-41,26,2
193,176,0
190,167,0
-41,34,2
-48,24,2
13,-75,1
180,158,0
10,-87,1
-54,20,2
-47,32,2
191,171,0
17,-10,1
3,-88,1
23,-75,1
-41,25,2
194,168,0
-50,29,2
192,180,0
-59,25,2
-63,6,2
26,-83,1
29,-71,1
-53,28,2
196,177,0
188,165,0
-61,21,2
14,-90,1
9,-77,1
45,-88,1
175,179,0
20,-75,1
-49,10,2
24,-97,1
173,187,0
186,162,0
12,-80,1
190,177,0
42,-104,1
-52,5,2
-45,27,2
-31,12,2
-46,24,2
30,-71,1
192,173,0
-47,20,2
27,-65,1
8,-93,1
-50,25,2
14,-91,1
28,-93,1
29,-65,1
-52,2,2
-61,41,2
13,-79,1
-55,15,2
14,-89,1
21,-74,1
-50,26,2
18,-83,1
189,176,0
30,-77,1
181,169,0
28,-69,1
27,-76,1
21,-85,1
-55,5,2
188,163,0
22,-86,1
178,189,0
-49,17,2
14,-83,1
-45,17,2
-27,19,2
-41,31,2
165,167,0
12,-64,1
-51,23,2
14,-73,1
187,183,0
30,-78,1
23,-77,1
171,170,0
188,170,0
-41,17,2
-50,26,2
25,-83,1
179,160,0
22,-84,1
0,-84,1
23,-81,1
186,172,0
-47,25,2
-33,19,2
-51,25,2
26,-94,1
-46,19,2
172,170,0
-67,39,2
10,-60,1
189,168,0
14,-80,1
170,170,0
172,177,0
168,157,0
-46,19,2
176,189,0
-54,23,2
-41,16,2
-50,6,2
175,155,0
33,-68,1
192,169,0
31,-80,1
-53,30,2
196,180,0
25,-65,1
-36,16,2
173,178,0
-35,8,2
-57,20,2
4,-75,1
181,167,0
181,170,0
196,175,0
177,170,0
23,-78,1
-69,14,2
171,188,0
182,167,0
-39,13,2
179,171,0
181,172,0
6,-85,1
-49,16,2
18,-100,1
18,-89,1
192,166,0
-29,12,2
177,168,0
179,163,0
-39,24,2
23,-76,1
18,-68,1
35,-88,1
-40,4,2
169,167,0
-50,31,2
190,159,0
-52,18,2
-59,18,2
16,-77,1
27,-95,1
181,175,0
185,151,0
-47,29,2
20,-82,1
184,145,0
192,195,0
23,-87,1
1,-84,1
20,-60,1
19,-76,1
193,153,0
8,-73,1
-48,14,2
182,162,0
-52,21,2
16,-96,1
14,-77,1
21,-84,1
47,-63,1
32,-79,1
196,176,0
-55,25,2
181,179,0
182,153,0
175,162,0
-61,17,2
-50,25,2
-48,32,2
173,159,0
-38,4,2
-42,9,2
187,157,0
163,160,0
18,-94,1
-60,31,2
166,164,0
179,183,0
-54,41,2
-49,2,2
23,-62,1
175,181,0
13,-88,1
14,-81,1
164,164,0
-39,17,2
5,-83,1
-57,26,2
8,-80,1
-59,20,2
175,164,0
177,167,0
19,-78,1
-67,14,2
-42,2,2
-51,14,2
47,-81,1
175,170,0
0,-95,1
-40,33,2
-45,20,2
21,-88,1
-57,22,2
184,184,0
163,167,0
24,-83,1
-47,19,2
165,158,0
174,162,0
1,-90,1
-40,16,2
189,170,0
-46,14,2
170,177,0
-61,26,2
195,158,0
183,165,0
160,185,0
-6,-87,1
175,179,0
174,158,0
24,-105,1
18,-91,1
176,157,0
163,173,0
-71,0,2
26,-72,1
174,187,0
197,174,0
29,-84,1
191,176,0
164,178,0
185,164,0
22,-63,1
-74,27,2
12,-94,1
-40,11,2
-38,55,2
28,-69,1
174,182,0
169,179,0
-45,15,2
176,177,0
-42,15,2
-68,25,2
21,-89,1
17,-89,1
-43,22,2
188,176,0
-25,13,2
17,-69,1
171,175,0
-38,24,2
-53,28,2
-60,26,2
161,161,0
-24,17,2
15,-84,1
-62,43,2
179,164,0
-55,10,2
27,-95,1
17,-60,1
32,-82,1
-48,33,2
198,160,0
163,160,0
16,-92,1
24,-50,1
-44,5,2
188,156,0
25,-110,1
192,162,0
183,150,0
-47,8,2
17,-64,1
173,190,0
8,-68,1
180,163,0
10,-72,1
-53,16,2
26,-70,1
199,157,0
179,173,0
27,-79,1
11,-77,1
-45,26,2
-58,11,2
189,170,0
15,-69,1
-67,19,2
32,-75,1
38,-79,1
196,168,0
-51,16,2
176,169,0
18,-88,1
12,-63,1
33,-69,1
166,159,0
1,-77,1
192,175,0
186,172,0
15,-78,1
-48,27,2
-53,34,2
-36,30,2
32,-72,1
197,156,0
-57,19,2
3,-94,1
194,185,0
181,170,0
168,163,0
182,175,0
-48,38,2
-52,7,2
-48,7,2
-37,14,2
-55,36,2
14,-79,1
178,181,0
-56,7,2
24,-83,1
20,-70,1
-48,35,2
37,-84,1
25,-86,1
8,-79,1
179,174,0
-70,15,2
22,-65,1
-36,31,2
20,-88,1
27,-90,1
179,170,0
21,-68,1
185,169,0
9,-71,1
194,161,0
180,181,0
-49,43,2
181,168,0
13,-80,1
178,174,0
183,187,0
21,-67,1
9,-99,1
0,-68,1
-62,18,2
9,-93,1
-49,20,2
8,-96,1
175,171,0
171,173,0
4,-88,1
29,-76,1
189,170,0
174,162,0
180,165,0
183,157,0
-54,3,2
-18,14,2
172,183,0
183,170,0
161,183,0
-1,-80,1
-25,20,2
12,-85,1
167,162,0
27,-89,1
174,157,0
173,176,0
173,168,0
-54,26,2
17,-89,1
189,178,0
-55,35,2
-55,25,2
173,176,0
172,164,0
9,-70,1
196,172,0
19,-80,1
-50,20,2
-50,27,2
170,187,0
15,-79,1
23,-74,1
167,176,0
198,177,0
191,147,0
175,189,0
-50,21,2
21,-87,1
-44,10,2
171,167,0
-47,33,2
-68,-6,2
-48,16,2
-35,19,2
180,174,0
189,185,0
-70,7,2
-45,37,2
190,193,0
20,-69,1
-41,18,2
186,177,0
183,147,0
5,-78,1
-51,17,2
39,-62,1
-56,18,2
-36,36,2
32,-84,1
27,-88,1
164,151,0
-49,32,2
28,-104,1
17,-80,1
-62,8,2
-47,14,2
-36,13,2
-43,26,2
-39,28,2
-58,5,2
25,-96,1
-45,12,2
168,182,0
188,178,0
187,187,0
173,172,0
12,-91,1
13,-62,1
15,-92,1
181,174,0
-46,12,2
-64,29,2
-54,17,2
-58,34,2
-66,19,2
23,-95,1
15,-87,1
21,-54,1
-59,36,2
176,167,0
193,159,0
8,-85,1
179,171,0
-51,20,2
-48,23,2
-49,6,2
28,-90,1
-35,26,2
-57,27,2
-53,13,2
11,-67,1
180,167,0
181,164,0
187,185,0
-56,24,2
25,-59,1
16,-81,1
-47,37,2
14,-83,1
-39,11,2
180,199,0
19,-88,1
191,176,0
-53,19,2
24,-67,1
36,-85,1
171,169,0
16,-78,1
-50,31,2
171,179,0
-44,-1,2
17,-91,1
177,169,0
-61,18,2
-36,30,2
187,173,0
-50,18,2
167,170,0
168,167,0
9,-71,1
194,179,0
31,-87,1
26,-83,1
7,-95,1
39,-93,1
-36,18,2
173,185,0
28,-85,1
11,-87,1
20,-84,1
9,-70,1
-59,24,2
184,157,0
12,-75,1
-53,6,2
-46,27,2
11,-61,1
10,-100,1
-48,26,2
11,-83,1
180,160,0
-42,18,2
24,-78,1
-55,10,2
177,179,0
-42,30,2
32,-89,1
21,-95,1
6,-55,1
-62,29,2
15,-63,1
30,-81,1
7,-83,1
-47,30,2
32,-68,1
184,180,0
182,178,0
34,-67,1
22,-62,1
-52,11,2
5,-82,1
25,-79,1
192,178,0
-51,1,2
176,178,0
4,-70,1
-48,29,2
161,156,0
-57,38,2
195,158,0
186,179,0
189,160,0
175,169,0
-38,11,2
-52,12,2
-6,-82,1
-53,34,2
-56,1,2
173,176,0
14,-91,1
9,-80,1
27,-75,1
175,169,0
-45,18,2
187,175,0
192,162,0
40,-80,1
177,160,0
19,-97,1
41,-74,1
170,191,0
-53,9,2
-37,38,2
14,-91,1
8,-67,1
174,166,0
-64,16,2
-45,27,2
193,181,0
-47,34,2
181,178,0
25,-76,1
190,167,0
180,178,0
34,-80,1
20,-66,1
2,-79,1
-41,14,2
7,-78,1
13,-79,1
179,171,0
-53,9,2
165,174,0
-42,-2,2
174,186,0
23,-67,1
-49,30,2
176,161,0
-61,24,2
28,-70,1
185,170,0
-43,11,2
188,172,0
186,167,0
31,-91,1
-50,42,2
-42,18,2
176,142,0
-45,31,2
16,-76,1
-47,46,2
23,-71,1
-59,11,2
-31,18,2
-37,43,2
-51,38,2
20,-61,1
22,-73,1
14,-93,1
182,174,0
185,167,0
25,-91,1
-46,42,2
166,167,0
-38,8,2
170,167,0
-68,15,2
29,-75,1
173,153,0
-56,8,2
14,-88,1
35,-77,1
19,-75,1
35,-75,1
27,-76,1
-49,46,2
5,-76,1
-36,15,2
-46,2,2
180,192,0
198,159,0
189,178,0
15,-89,1
-35,22,2
11,-82,1
171,167,0
169,172,0
187,174,0
164,178,0
2,-74,1
-56,27,2
183,158,0
174,175,0
-40,24,2
-46,18,2
191,172,0
-52,24,2
-58,16,2
177,170,0
189,173,0
184,169,0
13,-63,1
40,-77,1
187,186,0
40,-81,1
-49,9,2
-51,29,2
19,-69,1
-46,25,2
172,165,0
195,186,0
-43,22,2
188,170,0
34,-80,1
178,163,0
-47,21,2
174,184,0
194,165,0
25,-88,1
25,-78,1
175,161,0
185,162,0
14,-81,1
173,183,0
-36,13,2
173,170,0
27,-96,1
32,-84,1
158,165,0
175,157,0
179,159,0
20,-65,1
173,172,0
180,166,0
-39,21,2
181,170,0
195,173,0
-33,36,2
-47,9,2
17,-79,1
186,175,0
-58,35,2
18,-82,1
32,-51,1
18,-94,1
-38,31,2
190,171,0
22,-73,1
189,182,0
181,177,0
-55,11,2
11,-76,1
-49,11,2
8,-89,1
19,-80,1
173,163,0
-46,15,2
181,181,0
182,162,0
-58,19,2
187,161,0
14,-86,1
20,-92,1
173,168,0
188,179,0
-35,5,2
17,-86,1
175,155,0
19,-83,1
-45,25,2
-55,23,2
169,182,0
172,179,0
181,173,0
22,-72,1
190,175,0
19,-64,1
181,165,0
18,-82,1
-49,4,2
-55,16,2
-50,30,2
33,-71,1
188,168,0
-57,22,2
-42,39,2
13,-80,1
182,178,0
167,181,0
187,181,0
191,149,0
21,-81,1
-36,8,2
195,174,0
167,165,0
197,178,0
174,171,0
29,-98,1
21,-73,1
-41,10,2
28,-100,1
26,-84,1
185,175,0
182,173,0
177,164,0
186,177,0
19,-94,1
10,-90,1
-65,10,2
35,-78,1
180,179,0
175,162,0
188,172,0
176,175,0
184,176,0
188,170,0
193,174,0
7,-81,1
173,170,0
-74,6,2
-71,20,2
34,-72,1
-40,31,2
23,-79,1
182,155,0
33,-79,1
-60,16,2
165,172,0
179,169,0
-50,21,2
172,182,0
169,165,0
176,173,0
183,168,0
-43,43,2
-44,25,2
185,178,0
19,-91,1
14,-98,1
189,176,0
-67,38,2
177,157,0
190,176,0
-36,20,2
5,-81,1
176,172,0
192,163,0
182,179,0
188,174,0
-38,3,2
18,-72,1
188,171,0
195,161,0
167,173,0
196,164,0
174,169,0
18,-96,1
175,146,0
17,-71,1
-49,14,2
-49,23,2
-42,9,2
185,164,0
7,-77,1
14,-71,1
188,169,0
172,180,0
-60,13,2
-45,31,2
180,158,0
-63,2,2
-59,19,2
-49,27,2
22,-81,1
25,-91,1
192,157,0
-53,14,2
6,-81,1
169,152,0
169,173,0
7,-91,1
-64,5,2
183,166,0
-46,1,2
166,184,0
-45,14,2
14,-75,1
27,-87,1
161,174,0
-59,35,2
1,-66,1
-62,35,2
-55,26,2
177,159,0
177,179,0
195,165,0
-58,-1,2
184,165,0
27,-91,1
25,-88,1
197,173,0
-59,6,2
-57,21,2
179,188,0
183,180,0
189,170,0
22,-88,1
11,-81,1
-48,37,2
34,-94,1
-51,13,2
20,-92,1
36,-93,1
35,-83,1
31,-85,1
42,-93,1
14,-95,1
-1,-80,1
183,166,0
151,153,0
197,163,0
35,-80,1
-60,4,2
178,173,0
-63,26,2
17,-90,1
184,169,0
12,-75,1
88,162,0
14,-88,1
181,160,0
-54,13,2
-43,37,2
-47,14,2
31,-63,1
-61,33,2
193,169,0
167,161,0
182,166,0
28,-67,1
-57,17,2
-5,-68,1
-45,18,2
-54,20,2
196,162,0
170,186,0
-30,20,2
12,-78,1
163,178,0
-66,7,2
17,-73,1
-59,27,2
17,-90,1
174,167,0
182,178,0
12,-90,1
31,-77,1
175,164,0
177,167,0
24,-65,1
-49,30,2
11,-101,1
182,186,0
175,171,0
28,-70,1
-42,13,2
-55,18,2
-55,33,2
185,167,0
26,-83,1
-60,34,2
20,-69,1
187,157,0
32,-77,1
183,183,0
176,177,0
12,21,2
29,-78,1
199,169,0
18,-76,1
-45,32,2
4,-61,1
-55,28,2
175,171,0
-49,33,2
189,176,0
173,179,0
-66,16,2
10,-75,1
6,-89,1
183,176,0
-61,3,2
174,170,0
176,172,0
-49,7,2
-2,-85,1
-45,28,2
23,-84,1
-43,26,2
168,166,0
185,180,0
11,-94,1
-51,28,2
13,-98,1
187,159,0
18,-81,1
39,-81,1
13,-91,1
13,-82,1
-57,22,2
-32,35,2
-60,11,2
-34,39,2
-67,25,2
179,178,0
3,-80,1
-56,34,2
10,-75,1
-54,4,2
30,-81,1
6,-79,1
22,-87,1
13,-91,1
-64,9,2
162,173,0
163,148,0
175,181,0
186,168,0
-51,17,2
170,180,0
12,-70,1
-43,16,2
21,-90,1
-50,18,2
-59,12,2
11,-83,1
17,-76,1
187,164,0
174,160,0
171,148,0
14,-71,1
175,168,0
26,-70,1
14,-63,1
-2,-67,1
185,170,0
-49,27,2
-40,9,2
170,171,0
-37,35,2
180,173,0
19,-77,1
-60,6,2
2,-76,1
-55,17,2
-56,17,2
18,-69,1
-58,21,2
167,177,0
-51,21,2
183,173,0
180,180,0
20,-64,1
164,151,0
188,172,0
171,167,0
9,-82,1
-60,11,2
17,-75,1
174,157,0
-46,30,2
-45,10,2
-43,24,2
9,-76,1
174,152,0
19,-87,1
-53,10,2
34,-73,1
-58,36,2
179,170,0
18,-79,1
189,161,0
181,171,0
5,-88,1
-38,11,2
171,151,0
-39,22,2
15,-87,1
-49,21,2
19,-87,1
28,-82,1
160,148,0
28,-97,1
163,179,0
168,191,0
176,177,0
25,-85,1
194,168,0
13,-81,1
-35,45,2
175,182,0
183,167,0
-66,10,2
-51,42,2
22,-85,1
176,181,0
-43,7,2
21,-90,1
23,-77,1
34,-103,1
186,171,0
178,172,0
-42,19,2
22,-88,1
-47,24,2
190,183,0
143,164,0
-42,16,2
167,172,0
15,-62,1
184,172,0
185,175,0
28,-61,1
20,-62,1
35,-61,1
173,162,0
23,-84,1
19,-69,1
-54,13,2
163,179,0
-61,31,2
182,164,0
185,171,0
-54,34,2
193,162,0
-53,24,2
-53,16,2
174,181,0
24,-78,1
-34,1,2
183,171,0
176,153,0
193,163,0
184,175,0
194,160,0
186,166,0
26,-72,1
-36,5,2
28,-76,1
169,179,0
19,-69,1
175,184,0
-52,9,2
172,170,0
192,174,0
185,174,0
186,186,0
-54,17,2
12,-61,1
21,-66,1
18,-78,1
20,-57,1
32,-74,1
-43,9,2
164,175,0
-51,13,2
184,173,0
33,-86,1
196,174,0
-66,4,2
174,142,0
181,168,0
-49,26,2
178,172,0
-2,-85,1
-33,19,2
182,176,0
-55,20,2
172,173,0
15,-80,1
-65,18,2
180,165,0
43,-77,1
14,-85,1
27,-86,1
193,175,0
180,176,0
-30,16,2
-48,18,2
-26,28,2
173,165,0
-46,20,2
-50,30,2
180,164,0
1,-78,1
22,-72,1
174,181,0
-43,6,2
-62,21,2
26,-73,1
13,-78,1
189,164,0
-46,9,2
2,-86,1
170,185,0
-63,4,2
-58,18,2
-50,33,2
-61,28,2
-62,22,2
-49,10,2
180,162,0
24,-104,1
-46,19,2
24,-83,1
175,185,0
-54,10,2
16,-77,1
-45,9,2
-71,20,2
165,148,0
-51,22,2
-53,5,2
14,-82,1
168,161,0
-48,20,2
180,191,0
17,-61,1
175,184,0
-44,29,2
168,161,0
10,-67,1
23,-95,1
33,-75,1
22,-95,1
-56,15,2
16,-84,1
-58,22,2
24,-82,1
29,-60,1
21,-77,1
28,-88,1
11,-93,1
-68,-5,2
17,-73,1
-47,16,2
184,158,0
-66,15,2
197,164,0
-60,27,2
179,163,0
190,164,0
20,-67,1
-57,3,2
194,175,0
177,199,0
-48,14,2
168,165,0
191,161,0
-48,24,2
-46,8,2
28,-80,1
188,191,0
22,-86,1
-50,14,2
13,-91,1
-65,24,2
-54,7,2
24,-90,1
22,-73,1
22,-91,1
-61,29,2
190,161,0
29,-62,1
173,164,0
-59,1,2
192,172,0
198,160,0
0,-98,1
31,-79,1
192,180,0
151,174,0
185,168,0
-56,30,2
11,-94,1
24,-71,1
176,171,0
16,-87,1
10,-79,1
-55,16,2
178,156,0
37,-84,1
-60,24,2
24,-76,1
175,185,0
-42,30,2
26,-75,1
185,173,0
26,-69,1
181,172,0
-50,16,2
-49,18,2
-64,26,2
16,-90,1
31,-57,1
182,175,0
11,-74,1
28,-66,1
-40,27,2
-65,32,2
185,198,0
10,-72,1
-54,10,2
-33,32,2
178,171,0
180,158,0
13,-90,1
178,166,0
30,-81,1
-54,26,2
13,-73,1
-62,10,2
186,171,0
-61,12,2
-48,-2,2
188,159,0
33,-91,1
30,-73,1
164,167,0
-60,12,2
187,153,0
-49,-2,2
189,173,0
5,-63,1
-59,21,2
-39,7,2
22,-79,1
36,-78,1
-46,36,2
45,-73,1
-38,4,2
174,173,0
-39,28,2
18,-75,1
193,174,0
183,149,0
-58,27,2
190,162,0
-43,1,2
34,-80,1
23,-89,1
179,192,0
-61,21,2
-48,6,2
-43,35,2
9,-86,1
182,178,0
-60,20,2
182,165,0
5,-83,1
177,167,0
173,178,0
-63,19,2
-42,36,2
177,173,0
-60,33,2
20,-69,1
20,-74,1
180,167,0
25,-95,1
190,157,0
-66,10,2
22,-87,1
-37,20,2
-53,9,2
20,-87,1
28,-80,1
190,180,0
23,-78,1
30,-71,1
21,-80,1
-43,17,2
175,182,0
-28,43,2
-1,-71,1
-45,5,2
170,191,0
23,-75,1
-60,21,2
171,160,0
173,156,0
-60,19,2
169,179,0
-34,25,2
166,164,0
17,-75,1
-44,32,2
-57,4,2
157,161,0
-59,24,2
17,-76,1
169,162,0
170,178,0
174,185,0
-44,25,2
20,-81,1
180,151,0
25,-71,1
21,-62,1
-25,16,2
-59,34,2
23,-57,1
26,-81,1
-55,31,2
-49,17,2
196,166,0
194,168,0
-49,-4,2
32,-82,1
11,-78,1
13,-67,1
14,-82,1
-61,-1,2
26,-85,1
-62,1,2
180,169,0
28,-105,1
-41,14,2
192,169,0
-56,26,2
178,163,0
188,167,0
21,-87,1
185,175,0
16,-68,1
28,-90,1
172,172,0
171,182,0
182,186,0
14,-81,1
-52,58,2
-65,18,2
25,-71,1
183,181,0
9,-81,1
7,-85,1
168,186,0
192,166,0
-34,17,2
22,-82,1
184,177,0
186,169,0
11,-86,1
-44,10,2
21,-81,1
13,-80,1
171,180,0
40,-85,1
19,-84,1
-50,13,2
177,180,0
24,-86,1
182,147,0
19,-64,1
-56,22,2
-48,15,2
-70,9,2
-54,12,2
168,175,0
181,179,0
194,176,0
-44,10,2
31,-80,1
181,177,0
36,-92,1
14,-71,1
18,-72,1
16,-84,1
174,175,0
-47,41,2
180,177,0
13,-75,1
-53,10,2
192,160,0
-66,23,2
24,-94,1
-41,30,2
187,169,0
-54,25,2
183,171,0
185,170,0
172,191,0
42,-85,1
195,195,0
168,161,0
-56,14,2
-54,15,2
-36,11,2
186,160,0
28,-75,1
-45,30,2
-38,18,2
-34,34,2
-49,-4,2
198,153,0
176,164,0
21,-66,1
24,-88,1
175,154,0
-41,30,2
15,-84,1
157,156,0
-42,38,2
-51,12,2
178,173,0
12,-79,1
-51,37,2
186,167,0
22,-79,1
39,-82,1
150,180,0
-55,19,2
25,-57,1
25,-86,1
-57,14,2
-46,13,2
-42,31,2
-35,31,2
22,-83,1
-44,30,2
-52,24,2
186,163,0
-56,24,2
27,-68,1
181,163,0
-49,19,2
-65,25,2
-48,15,2
28,-81,1
18,-90,1
172,168,0
188,185,0
-48,15,2
35,-84,1
-49,10,2
-38,33,2
28,-92,1
-68,15,2
31,-76,1
-58,18,2
-68,8,2
-61,21,2
164,164,0
21,-88,1
-65,8,2
179,162,0
172,155,0
180,185,0
45,-92,1
18,-70,1
23,-75,1
182,179,0
-63,26,2
-49,32,2
167,155,0
19,-93,1
29,-70,1
19,-83,1
19,-79,1
23,-74,1
13,-81,1
-49,27,2
164,158,0
11,-84,1
172,174,0
173,156,0
179,183,0
17,-100,1
23,-80,1
24,-84,1
22,-88,1
176,164,0
-37,6,2
-35,4,2
-57,12,2
-45,4,2
186,170,0
170,153,0
36,-90,1
-42,20,2
-44,20,2
-67,29,2
-42,67,2
172,167,0
-57,7,2
-47,23,2
11,-84,1
191,165,0
11,-92,1
177,163,0
-53,24,2
168,163,0
-52,32,2
192,162,0
-37,15,2
25,-68,1
25,-84,1
23,-84,1
-44,-4,2
21,-109,1
-32,10,2
-62,5,2
-56,16,2
179,171,0
186,178,0
-65,27,2
-53,8,2
182,154,0
-53,27,2
178,160,0
28,-68,1
12,-86,1
38,-83,1
26,-72,1
-58,17,2
-62,13,2
33,-76,1
177,159,0
18,-69,1
-51,1,2
18,-92,1
171,183,0
169,171,0
177,171,0
194,186,0
-45,30,2
-45,26,2
172,172,0
-56,7,2
179,163,0
9,-73,1
-50,11,2
182,177,0
-62,9,2
172,162,0
-51,-6,2
160,168,0
-82,18,2
-45,33,2
13,-70,1
174,157,0
188,171,0
10,-72,1
168,182,0
36,-75,1
-58,29,2
34,-97,1
-47,18,2
188,157,0
177,185,0
-60,14,2
-58,14,2
-45,20,2
170,175,0
179,178,0
182,172,0
17,-71,1
184,155,0
188,154,0
-43,4,2
-65,25,2
-38,18,2
-50,40,2
23,-85,1
191,175,0
167,164,0
25,-87,1
-57,33,2
179,181,0
26,-67,1
-38,29,2
-36,17,2
191,167,0
178,166,0
-72,31,2
25,-60,1
18,-95,1
-54,22,2
163,160,0
183,176,0
181,171,0
28,-70,1
-50,8,2
22,-65,1
31,-87,1
173,169,0
182,180,0
177,169,0
-51,34,2
-39,10,2
-41,30,2
165,169,0
7,-79,1
17,-78,1
-35,24,2
18,-84,1
-54,29,2
25,-81,1
170,175,0
182,157,0
171,181,0
171,160,0
171,154,0
-52,21,2
185,162,0
19,-81,1
15,-75,1
167,173,0
16,-97,1
14,-79,1
-54,19,2
184,181,0
178,166,0
-27,19,2
-65,30,2
170,151,0
-38,35,2
189,174,0
24,-69,1
23,-67,1
19,-77,1
-42,21,2
-42,28,2
14,-71,1
-60,27,2
-49,40,2
174,183,0
180,175,0
-24,10,2
178,157,0
-52,0,2
161,179,0
-44,29,2
-64,27,2
-61,3,2
-47,22,2
181,161,0
-39,8,2
-37,33,2
-56,32,2
187,167,0
-49,24,2
25,-77,1
-47,30,2
189,159,0
12,-75,1
11,-79,1
-53,14,2
-57,13,2
18,-85,1
185,178,0
168,195,0
-65,29,2
-50,11,2
45,-69,1
-41,31,2
-42,13,2
11,-101,1
32,-80,1
166,173,0
9,-94,1
-46,36,2
185,185,0
-51,18,2
15,-93,1
188,167,0
19,-79,1
-72,7,2
22,-79,1
27,-73,1
195,176,0
-40,13,2
171,191,0
180,173,0
-45,34,2
179,170,0
-43,37,2
-52,19,2
177,152,0
182,172,0
174,168,0
161,172,0
189,169,0
-66,14,2
-69,22,2
176,168,0
174,171,0
146,167,0
7,-77,1
186,171,0
-43,23,2
-48,14,2
11,-88,1
185,172,0
17,-76,1
29,-82,1
29,-57,1
-45,2,2
21,-56,1
186,156,0
-53,10,2
189,155,0
-40,32,2
176,171,0
188,139,0
-52,25,2
173,168,0
182,172,0
176,152,0
15,-71,1
19,-79,1
-61,24,2
155,174,0
181,164,0
176,167,0
189,154,0
28,-59,1
18,-65,1
183,167,0
176,162,0
170,180,0
-47,14,2
-57,25,2
195,155,0
-32,19,2
-38,18,2
189,161,0
178,173,0
164,166,0
-48,17,2
11,-86,1
-47,10,2
-66,14,2
-48,4,2
165,183,0
-40,27,2
184,165,0
-55,18,2
-55,33,2
-61,23,2
-33,26,2
-33,22,2
14,-79,1
174,174,0
-66,21,2
9,-77,1
11,-90,1
-46,6,2
28,-88,1
-47,28,2
-52,26,2
28,-68,1
199,175,0
29,-86,1
24,-86,1
-67,13,2
180,194,0
-39,7,2
158,165,0
24,-62,1
-57,17,2
-2,-93,1
-58,15,2
183,175,0
192,182,0
26,-70,1
9,-82,1
-46,15,2
154,181,0
-60,6,2
-46,16,2
175,192,0
117,15,2
-49,46,2
42,-80,1
181,167,0
-62,12,2
17,-70,1
7,-74,1
-48,31,2
11,-62,1
10,-77,1
-58,17,2
179,183,0
32,-94,1
196,171,0
-64,7,2
-47,19,2
168,178,0
177,178,0
182,176,0
-47,22,2
-53,23,2
42,-72,1
182,160,0
-47,33,2
187,182,0
24,-73,1
179,186,0
26,-93,1
185,165,0
180,183,0
184,173,0
27,-83,1
28,-95,1
7,-78,1
33,-88,1
15,-83,1
-45,17,2
11,-61,1
169,161,0
-55,6,2
-55,20,2
32,-91,1
26,-89,1
181,169,0
11,-71,1
185,177,0
179,186,0
-60,25,2
185,175,0
13,-76,1
185,158,0
-62,17,2
165,168,0
17,-75,1
5,-87,1
-35,24,2
-59,13,2
172,181,0
-67,18,2
8,-90,1
10,-74,1
188,159,0
178,163,0
-50,22,2
13,-83,1
-50,29,2
-53,12,2
163,171,0
34,-81,1
25,-65,1
-59,23,2
15,-87,1
17,-86,1
-53,13,2
177,169,0
-46,18,2
176,180,0
-34,29,2
7,-71,1
-70,16,2
-70,12,2
177,186,0
-33,25,2
24,-66,1
25,-84,1
-40,14,2
-55,22,2
-49,25,2
196,182,0
31,-85,1
175,164,0
20,-98,1
16,-83,1
156,159,0
199,164,0
-56,3,2
194,167,0
197,184,0
18,-81,1
17,-81,1
183,165,0
-64,22,2
-40,44,2
-69,32,2
30,-89,1
17,-74,1
188,152,0
17,-74,1
-52,15,2
194,169,0
-53,10,2
187,165,0
-29,20,2
188,177,0
31,-70,1
37,-78,1
6,-85,1
-66,24,2
-49,15,2
164,188,0
-50,16,2
-45,22,2
185,155,0
-66,11,2
9,-91,1
168,179,0
-41,-1,2
178,180,0
-49,15,2
24,-75,1
-64,22,2
178,162,0
43,-89,1
-69,28,2
-57,31,2
-48,39,2
-48,25,2
12,-70,1
161,183,0
17,-86,1
-41,24,2
164,180,0
20,-88,1
-67,2,2
42,-67,1
-39,5,2
11,-80,1
13,-67,1
26,-74,1
-50,11,2
-48,21,2
19,-93,1
25,-101,1
186,171,0
21,-81,1
-40,17,2
177,166,0
-49,27,2
158,173,0
31,-56,1
178,154,0
-48,0,2
174,190,0
25,-93,1
-46,24,2
-43,26,2
13,-77,1
182,163,0
32,-73,1
-42,15,2
-53,32,2
192,180,0
169,197,0
-32,38,2
40,-65,1
178,160,0
-48,38,2
27,-82,1
166,192,0
32,-50,1
-32,12,2
-47,11,2
181,166,0
20,-79,1
-67,36,2
15,-83,1
179,158,0
31,-76,1
179,172,0
-40,27,2
-57,9,2
8,-71,1
176,168,0
21,-97,1
-58,14,2
-64,24,2
-69,11,2
38,-82,1
-50,14,2
183,165,0
180,167,0
183,170,0
153,176,0
18,-77,1
-44,1,2
-56,32,2
30,-96,1
23,-97,1
-49,16,2
174,172,0
-48,31,2
-56,6,2
30,-82,1
-55,18,2
178,176,0
-45,21,2
-59,15,2
179,167,0
14,-74,1
-46,13,2
23,-64,1
-60,20,2
187,178,0
4,-81,1
23,-85,1
13,-71,1
190,165,0
-43,3,2
-50,15,2
172,172,0
-44,12,2
-47,15,2
-53,27,2
173,185,0
15,-72,1
186,168,0
173,168,0
28,-74,1
32,-89,1
-54,38,2
33,-61,1
10,-72,1
-30,9,2
179,171,0
178,170,0
188,182,0
-62,27,2
-52,13,2
172,172,0
-51,22,2
26,-74,1
172,151,0
23,-51,1
40,-96,1
12,-77,1
12,-68,1
177,169,0
-68,15,2
-68,-1,2
-22,5,2
177,171,0
96,18,2
-53,41,2
-48,27,2
171,185,0
189,168,0
1,-67,1
-38,24,2
186,169,0
-35,29,2
-46,33,2
22,-76,1
175,160,0
14,-72,1
11,-75,1
178,171,0
164,161,0
-61,24,2
188,182,0
188,170,0
27,-89,1
165,170,0
-37,23,2
176,181,0
176,173,0
164,171,0
27,-94,1
180,179,0
-44,14,2
33,-72,1
29,-86,1
178,158,0
188,160,0
183,153,0
184,160,0
-53,15,2
188,162,0
186,165,0
18,-80,1
-52,21,2
181,169,0
181,181,0
18,-90,1
176,177,0
-47,20,2
-58,21,2
170,167,0
27,-68,1
166,181,0
29,-85,1
37,-70,1
20,-91,1
-32,29,2
-34,20,2
158,167,0
-56,32,2
35,-93,1
-52,-2,2
20,-80,1
23,-77,1
-50,-2,2
25,-89,1
-37,-6,2
21,-85,1
6,-76,1
16,-74,1
29,-70,1
-51,18,2
188,164,0
187,178,0
11,-73,1
-61,23,2
