X,Y,GRUP
190,169,0
189,179,0
180,172,0
-51,28,2
-173,-176,4
-89,-81,5
170,162,0
-55,32,2
-46,19,2
-57,13,2
192,149,0
-170,-173,4
-172,-176,4
-38,17,2
-135,-106,3
-143,-99,3
-62,-74,5
186,159,0
-173,-171,4
159,185,0
21,-67,1
-168,-172,4
-65,-79,5
-42,19,2
13,-75,1
18,-75,1
-69,-66,5
-172,-160,4
189,166,0
-76,-81,5
27,-74,1
-45,16,2
-165,-81,3
22,-73,1
-168,-168,4
-45,-73,5
-51,-60,5
170,170,0
170,169,0
-71,-68,5
-69,-77,5
-47,5,2
185,159,0
-143,-100,3
14,-82,1
16,-82,1
-87,-105,5
-66,-88,5
-46,15,2
179,175,0
165,199,0
-36,16,2
-60,16,2
22,-86,1
-174,-169,4
-143,-105,3
23,-45,1
-165,-169,4
176,155,0
21,-80,1
-173,-175,4
194,163,0
181,173,0
-179,-172,4
170,153,0
183,160,0
31,-71,1
-136,-112,3
-67,21,2
-56,-81,5
164,156,0
-163,-168,4
186,171,0
166,176,0
-42,21,2
-69,-102,5
193,172,0
-51,11,2
-58,1,2
-169,-167,4
196,178,0
-158,-170,4
-148,-100,3
-49,8,2
7,-60,1
-172,-172,4
-161,-105,3
170,147,0
-62,-91,5
-144,-85,3
-163,-85,3
-69,-75,5
-167,-167,4
-60,-72,5
-70,-82,5
-44,-63,5
-170,-172,4
35,-84,1
-162,-167,4
-173,-159,4
-57,21,2
-157,-109,3
6,-83,1
-156,-101,3
-49,-75,5
-174,-171,4
-49,8,2
-165,-172,4
-154,-104,3
184,169,0
-170,-164,4
17,-82,1
-149,-96,3
-167,-100,3
-61,16,2
183,173,0
-100,-81,5
-70,-79,5
179,185,0
-35,34,2
-141,-89,3
-59,16,2
36,-78,1
162,176,0
-19,15,2
-87,-65,5
-154,-102,3
-80,-82,5
14,-70,1
-147,-89,3
-86,-82,5
-158,-175,4
5,-93,1
-153,-111,3
18,-92,1
183,166,0
19,-86,1
-172,-169,4
-169,-169,4
182,181,0
-170,-72,3
-143,-100,3
190,175,0
187,170,0
-61,19,2
-148,-94,3
-172,-167,4
23,-56,1
-165,-168,4
-64,-89,5
15,-72,1
-179,-175,4
-62,23,2
-159,-97,3
182,163,0
-148,-102,3
-179,-169,4
-42,26,2
21,-86,1
-65,18,2
-132,-101,3
-47,29,2
-40,14,2
-171,-170,4
188,178,0
-77,-79,5
-175,-182,4
196,159,0
-64,-83,5
18,-74,1
-168,-167,4
-57,17,2
-64,-82,5
18,-83,1
-141,-92,3
1,-87,1
-169,-164,4
-179,-168,4
-79,-77,5
-67,-75,5
150,163,0
16,-80,1
154,172,0
-163,-166,4
21,-79,1
-72,-93,5
-140,-93,3
160,166,0
182,169,0
-167,-171,4
179,164,0
173,181,0
-83,-81,5
-166,-172,4
32,-88,1
161,164,0
192,182,0
175,170,0
-68,-87,5
-49,16,2
-170,-168,4
-64,-76,5
19,-68,1
-142,-103,3
-143,-81,3
-160,-106,3
-53,25,2
-140,-95,3
26,-71,1
-64,-92,5
168,169,0
-164,-106,3
-61,-81,5
-157,-117,3
-71,-87,5
6,-73,1
-177,-171,4
180,173,0
-69,24,2
-67,-63,5
-156,-99,3
-167,-106,3
-66,-77,5
181,164,0
-175,-170,4
-138,-87,3
-147,-102,3
-62,16,2
-178,-177,4
14,-74,1
167,173,0
-42,16,2
-73,-63,5
-60,25,2
-79,-64,5
-51,-83,5
-149,-90,3
167,167,0
177,172,0
-47,21,2
187,172,0
-79,-82,5
-56,-90,5
-73,-90,5
-74,-88,5
-78,-83,5
-147,-96,3
-165,-168,4
-63,3,2
22,-74,1
184,173,0
176,173,0
-155,-95,3
12,-68,1
-70,-78,5
-169,-95,3
-58,18,2
-173,-177,4
-46,8,2
35,-72,1
11,-79,1
23,-82,1
-148,-118,3
-177,-168,4
14,-67,1
-56,-81,5
16,-83,1
-85,-85,5
3,-75,1
13,-90,1
177,158,0
19,-79,1
-37,20,2
-169,-168,4
-147,-116,3
-168,-170,4
-152,-92,3
18,-74,1
-180,-161,4
-75,-78,5
21,-89,1
-45,34,2
-40,13,2
-51,23,2
39,-66,1
-169,-168,4
-71,-65,5
-165,-170,4
-141,-98,3
180,175,0
-167,-172,4
196,169,0
-171,-170,4
185,173,0
-51,8,2
-83,-63,5
0,-94,1
-153,-84,3
-152,-104,3
-70,-90,5
-48,-78,5
-63,-76,5
24,-77,1
32,-83,1
-54,18,2
-170,-173,4
191,175,0
-179,-179,4
-75,-65,5
185,168,0
-67,-79,5
183,174,0
-75,-84,5
-170,-165,4
-44,12,2
27,-92,1
-65,-77,5
-65,25,2
-62,-72,5
-60,-93,5
-157,-75,3
-164,-167,4
-170,-172,4
173,150,0
-41,29,2
-85,-52,5
25,-75,1
-85,-82,5
-166,-98,3
-67,3,2
-75,-66,5
-168,-170,4
-64,-66,5
-84,-89,5
23,-71,1
-87,-96,5
-50,32,2
187,168,0
-78,-89,5
-60,-81,5
-169,-171,4
-150,-111,3
179,172,0
-144,-95,3
-152,-104,3
-43,39,2
163,-175,4
-145,-98,3
28,-85,1
-47,33,2
-48,11,2
-171,-171,4
41,-88,1
-166,-174,4
-74,-88,5
-162,-81,3
-68,-73,5
174,169,0
191,172,0
-64,-88,5
185,165,0
-166,-171,4
-156,-92,3
186,178,0
-37,24,2
-148,-103,3
-145,-107,3
-169,-178,4
17,-80,1
32,-79,1
-74,-80,5
179,197,0
-148,-100,3
-63,-64,5
24,-95,1
-91,-83,5
-70,-86,5
-75,-80,5
175,160,0
182,158,0
-170,-163,4
-177,-168,4
-176,-177,4
-149,-92,3
179,175,0
7,-73,1
-156,-92,3
-50,22,2
199,160,0
12,-82,1
15,-92,1
-140,-93,3
20,-82,1
-174,-162,4
-78,-88,5
-71,28,2
-39,16,2
-78,-77,5
-56,20,2
-74,-90,5
-133,-115,3
-171,-180,4
-67,-85,5
168,157,0
-172,-176,4
-147,-99,3
-169,-175,4
-153,-89,3
-136,-113,3
-170,-175,4
177,176,0
-153,-92,3
-174,-172,4
21,-81,1
163,153,0
-166,-162,4
-165,-175,4
-30,18,2
-84,-98,5
-167,-87,3
-172,-173,4
-171,-160,4
-49,8,2
-184,-96,3
195,165,0
-75,-93,5
-150,-109,3
-172,-164,4
-67,21,2
-57,-82,5
181,169,0
-44,12,2
-74,-85,5
-63,-86,5
31,-74,1
-67,9,2
-145,-116,3
195,186,0
-75,-67,5
178,171,0
-71,-84,5
-27,30,2
36,-84,1
185,160,0
-152,-97,3
180,166,0
194,176,0
-154,-99,3
-57,24,2
-51,33,2
27,-90,1
-168,-167,4
-64,15,2
-47,19,2
-66,15,2
-170,-161,4
-30,25,2
-172,-171,4
-49,30,2
-149,-100,3
22,-86,1
-77,-80,5
9,-66,1
-60,-83,5
172,169,0
-76,-80,5
-50,21,2
-74,-63,5
193,174,0
-164,-90,3
-93,-81,5
179,167,0
-150,-93,3
-148,-96,3
172,171,0
16,-80,1
28,-84,1
19,-100,1
185,172,0
162,172,0
-169,-173,4
-70,25,2
-153,-174,4
15,-88,1
-144,-95,3
-171,-167,4
183,162,0
-47,23,2
-144,-93,3
-176,-165,4
-69,-64,5
-64,-80,5
-167,-172,4
-168,-171,4
-45,33,2
190,158,0
-173,-168,4
-170,-169,4
-71,-93,5
-172,-176,4
-174,-173,4
-169,-172,4
-159,-171,4
-86,-66,5
21,-79,1
-166,-177,4
-152,-96,3
-154,-111,3
-127,-90,3
-169,-170,4
23,-88,1
-155,-94,3
-166,-166,4
182,170,0
-150,-98,3
-150,-104,3
33,-64,1
-171,-164,4
-78,-69,5
-62,-81,5
181,172,0
-162,-81,3
-39,24,2
-165,-166,4
-65,-89,5
172,152,0
25,-61,1
-179,-179,4
-148,-101,3
-157,-104,3
183,166,0
175,177,0
195,168,0
-53,22,2
197,179,0
-170,-105,3
-162,-166,4
-169,-166,4
20,-83,1
-70,-77,5
-44,4,2
18,-76,1
-147,-84,3
-140,-90,3
-58,-71,5
-136,-99,3
-163,-165,4
28,-75,1
178,171,0
-50,17,2
-167,-173,4
5,-77,1
-55,22,2
187,158,0
-59,10,2
15,-86,1
-125,-91,3
-179,-167,4
174,174,0
18,-79,1
-51,18,2
-170,-175,4
0,-94,1
32,-73,1
25,-67,1
181,172,0
-61,31,2
184,175,0
-164,-106,3
-145,-98,3
-157,-108,3
-60,-88,5
14,-94,1
172,172,0
-82,-76,5
167,161,0
-172,-171,4
-171,-174,4
24,-85,1
194,167,0
-166,-168,4
-71,-85,5
-64,-78,5
-160,-168,4
20,-69,1
169,166,0
-171,-168,4
-60,20,2
-55,-94,5
-32,22,2
-74,-104,5
192,169,0
18,-82,1
-66,-80,5
189,174,0
-160,-113,3
-78,-75,5
-153,-115,3
180,178,0
-60,-89,5
-74,-83,5
-65,-86,5
-154,-94,3
-139,-100,3
19,-92,1
5,-78,1
-147,-93,3
-41,37,2
181,171,0
-63,-79,5
-168,-96,3
-65,-85,5
184,161,0
-168,-173,4
180,159,0
-60,-63,5
-59,-76,5
-172,-175,4
185,178,0
-170,-173,4
24,-85,1
-178,-167,4
-139,-90,3
-68,-76,5
-39,23,2
173,178,0
26,-96,1
35,-82,1
-43,29,2
-172,-172,4
22,-86,1
-148,-110,3
30,-90,1
-48,17,2
164,186,0
32,-67,1
-175,-177,4
190,175,0
-46,27,2
-49,32,2
-50,26,2
-45,23,2
-51,22,2
-66,-96,5
-165,-170,4
-166,-170,4
-47,28,2
-40,-78,5
-58,-91,5
-165,-164,4
-160,-165,4
25,-67,1
196,165,0
180,170,0
21,-82,1
-167,-167,4
-172,-168,4
-136,-114,3
-54,36,2
24,-92,1
-158,-88,3
-138,-91,3
-166,-174,4
173,152,0
-173,-168,4
-53,20,2
188,179,0
-76,-66,5
-70,-98,5
-67,-77,5
25,-81,1
-56,17,2
-174,-167,4
-56,34,2
-153,-96,3
-89,-74,5
-59,-79,5
168,175,0
-62,25,2
-52,23,2
-167,-170,4
152,173,0
-157,-102,3
-165,-174,4
-66,-94,5
181,157,0
-66,-64,5
-151,-100,3
-140,-100,3
185,188,0
-147,-94,3
-62,36,2
-137,-108,3
-158,-106,3
-175,-168,4
176,184,0
-160,-100,3
26,-72,1
-179,-165,4
31,-87,1
-166,-174,4
-166,-170,4
30,-74,1
165,162,0
-145,-99,3
16,-86,1
167,177,0
-150,-98,3
-71,-86,5
-151,-121,3
-57,23,2
23,-67,1
189,161,0
-65,45,2
-46,37,2
-172,-173,4
-162,-113,3
186,181,0
-70,-82,5
171,168,0
-162,-171,4
-49,14,2
180,173,0
-57,-96,5
-68,-77,5
181,167,0
-69,-76,5
188,163,0
-74,-92,5
177,170,0
-148,-106,3
-70,-84,5
-76,-80,5
-44,-95,5
181,184,0
-75,-112,5
-161,-163,4
-171,-88,3
185,188,0
-59,-70,5
-79,-94,5
-177,-172,4
-60,-72,5
-61,-69,5
18,-89,1
-58,-85,5
-45,14,2
-156,-90,3
-57,-80,5
18,-90,1
-148,-117,3
28,-77,1
-154,-103,3
-160,-90,3
-61,22,2
-152,-86,3
-43,25,2
-148,-107,3
-68,-73,5
-76,-78,5
193,176,0
-77,-60,5
164,175,0
-148,-92,3
-84,-70,5
-84,-81,5
-164,-187,4
15,-75,1
-50,7,2
170,187,0
21,-81,1
-54,-74,5
168,183,0
-67,34,2
174,165,0
-38,4,2
-172,-170,4
-63,-75,5
-55,-63,5
-169,-99,3
-66,-73,5
-63,-81,5
17,-82,1
-74,-60,5
-39,24,2
41,-61,1
-149,-98,3
-68,11,2
182,160,0
-75,-72,5
-36,21,2
16,-74,1
-174,-173,4
-68,-90,5
-161,-99,3
-69,-61,5
-69,-104,5
-65,13,2
-64,-75,5
-39,16,2
-45,15,2
-69,32,2
-145,-110,3
-79,-69,5
-132,-100,3
-166,-175,4
-82,-92,5
-59,-82,5
-41,19,2
-156,-105,3
-173,-111,3
17,-72,1
-153,-104,3
-67,-68,5
20,-77,1
15,-87,1
36,-71,1
20,-92,1
8,-69,1
-67,26,2
175,167,0
-47,17,2
163,176,0
-69,-83,5
-167,-162,4
-61,-11,2
-56,-79,5
-70,-80,5
-172,-166,4
6,-73,1
-174,-172,4
-145,-116,3
-83,-87,5
-168,-174,4
-173,-164,4
-170,-172,4
14,-73,1
-177,-173,4
-48,3,2
-163,-166,4
-54,20,2
-67,-94,5
179,176,0
-56,28,2
-74,-64,5
-167,-169,4
-173,-164,4
-162,-166,4
-142,-108,3
-163,-170,4
-166,-164,4
-46,31,2
-170,-160,4
-67,6,2
25,-78,1
189,158,0
181,175,0
-140,-106,3
29,-97,1
34,-64,1
21,-72,1
29,-91,1
-71,29,2
17,-96,1
199,175,0
-66,-82,5
13,-80,1
-63,-81,5
23,-92,1
-47,26,2
-44,30,2
-50,23,2
-36,15,2
-72,-86,5
-37,14,2
-144,-105,3
177,176,0
-175,-175,4
-172,-110,3
-80,-77,5
-66,-97,5
-178,-165,4
-163,-89,3
-166,-168,4
182,157,0
-179,-174,4
-79,-83,5
-54,40,2
169,189,0
-49,25,2
163,170,0
-63,-66,5
-164,-111,3
-144,-104,3
-149,-103,3
2,-79,1
-168,-163,4
-131,-108,3
-150,-94,3
-73,-74,5
19,-92,1
171,197,0
-154,-86,3
15,-84,1
-174,-172,4
-171,-169,4
-169,-176,4
181,163,0
-147,-110,3
-172,-177,4
30,-83,1
-173,-169,4
-156,-114,3
-63,-84,5
-176,-164,4
-59,20,2
-55,18,2
-170,-180,4
-170,-165,4
4,-86,1
29,-99,1
-147,-104,3
21,-94,1
174,170,0
198,175,0
-135,-70,3
-56,-89,5
-57,-93,5
-51,25,2
-67,-81,5
-173,-178,4
-138,-91,3
193,171,0
-172,-173,4
-170,-174,4
-173,-171,4
-166,-175,4
-49,15,2
-46,33,2
173,156,0
176,160,0
-64,-74,5
180,160,0
-58,-71,5
-159,-167,4
-179,-108,3
-65,-77,5
32,-97,1
-153,-87,3
-49,31,2
11,-88,1
-67,-70,5
-167,-160,4
-64,-70,5
-90,-72,5
174,179,0
181,165,0
-148,-79,3
19,-71,1
173,185,0
36,-80,1
189,167,0
-162,-166,4
-69,-97,5
-162,-90,3
-153,-100,3
-71,-69,5
24,-75,1
-178,-172,4
-48,4,2
-169,-164,4
180,174,0
-55,12,2
-57,15,2
-142,-107,3
175,159,0
-175,-178,4
-165,-87,3
-147,-101,3
-176,-172,4
-172,-165,4
-62,35,2
-145,-96,3
-164,-104,3
-178,-167,4
-145,-117,3
182,174,0
-89,-93,5
24,-79,1
-143,-89,3
-76,31,2
-165,-181,4
-158,-170,4
34,-73,1
-151,-87,3
-153,-113,3
190,173,0
-21,5,2
-133,-93,3
-179,-164,4
-171,-157,4
-69,-77,5
-127,-99,3
-67,-76,5
-76,-83,5
-4,-85,1
-173,-168,4
-58,13,2
-139,-103,3
-76,-75,5
23,-85,1
19,-86,1
-48,-66,5
183,171,0
-44,34,2
-68,-84,5
174,166,0
-175,-170,4
-31,18,2
-41,21,2
-41,11,2
-155,-93,3
-65,19,2
21,-92,1
-156,-85,3
170,-127,0
-43,16,2
-157,-101,3
187,171,0
-171,-171,4
173,180,0
-51,38,2
-155,-85,3
-166,-99,3
-167,-172,4
185,171,0
-78,-82,5
-61,-80,5
23,-80,1
33,-105,1
28,-84,1
174,174,0
-174,-168,4
-45,25,2
-68,-96,5
184,166,0
173,148,0
-169,-172,4
17,-80,1
194,170,0
182,160,0
-46,-81,5
-182,-170,4
-51,-67,5
-63,-92,5
-34,13,2
14,-79,1
-52,-77,5
-144,-99,3
-78,-69,5
-58,-76,5
7,-78,1
-171,-107,3
32,-71,1
-163,-98,3
-69,-74,5
-63,-68,5
-88,-79,5
-164,-167,4
-86,-67,5
-69,-69,5
-147,-90,3
-170,-170,4
18,-79,1
-74,-91,5
28,-67,1
-61,33,2
175,166,0
9,-82,1
192,172,0
25,-78,1
37,-83,1
-131,-103,3
-53,17,2
-56,25,2
-144,-93,3
178,180,0
-162,-164,4
-52,15,2
-147,-98,3
-178,-173,4
-158,-89,3
-182,-163,4
-85,-81,5
-135,-104,3
-79,-53,5
-78,-96,5
-159,-98,3
-74,-75,5
192,155,0
-156,-97,3
-164,-111,3
-64,28,2
-50,13,2
-82,-73,5
-152,-96,3
-37,38,2
-168,-173,4
-77,-87,5
-164,-169,4
34,-90,1
-166,-99,3
-58,37,2
-125,-116,3
-40,18,2
-142,-92,3
-42,21,2
-69,-87,5
162,164,0
169,175,0
176,152,0
18,-70,1
25,-76,1
-157,-166,4
-63,-71,5
-137,-118,3
8,-84,1
171,175,0
-84,-66,5
179,165,0
-63,-100,5
10,-75,1
-54,-81,5
-68,-74,5
-48,30,2
-144,-96,3
-162,-113,3
-166,-169,4
-166,-168,4
188,171,0
-129,-97,3
-61,-94,5
-62,20,2
-69,-79,5
190,186,0
-145,-98,3
-67,-98,5
-151,-89,3
-172,-167,4
176,175,0
-59,-69,5
173,175,0
-171,-163,4
-85,-75,5
184,168,0
-177,-167,4
-80,-81,5
-82,-88,5
-52,1,2
-69,-92,5
-149,-90,3
172,166,0
-152,-94,3
-56,27,2
177,175,0
-165,-117,3
26,-96,1
-47,33,2
-61,-81,5
-61,23,2
-58,-86,5
-47,-1,2
18,-86,1
-165,-105,3
164,165,0
-136,-106,3
40,-79,1
-154,-108,3
-81,-72,5
199,176,0
-141,-115,3
182,169,0
-168,-170,4
-60,17,2
-167,-169,4
16,-77,1
-63,-83,5
173,170,0
-174,-166,4
-63,-64,5
-55,16,2
25,-96,1
-25,25,2
-168,-167,4
-131,-113,3
-161,-91,3
-65,-82,5
-68,10,2
-157,-106,3
-154,-108,3
-56,32,2
-148,-113,3
-153,-101,3
-61,-96,5
28,-65,1
196,168,0
172,171,0
27,-103,1
-149,-89,3
-47,17,2
191,157,0
183,172,0
-68,-90,5
-174,-172,4
-73,-93,5
-171,-169,4
171,159,0
-65,33,2
171,176,0
-46,14,2
-66,-69,5
-171,-161,4
-46,17,2
-51,17,2
-47,20,2
188,167,0
-80,-67,5
-148,-102,3
-35,26,2
5,-67,1
-149,-95,3
-170,-168,4
-169,-163,4
0,-79,1
-145,-103,3
-67,-75,5
-177,-116,3
-180,-175,4
9,-62,1
-171,-168,4
166,155,0
-159,-93,3
-68,-76,5
21,-91,1
25,-87,1
-83,-85,5
-61,20,2
-171,-180,4
-174,-177,4
21,-70,1
180,167,0
17,-72,1
28,-81,1
23,-101,1
9,-89,1
-36,17,2
-45,-1,2
-50,26,2
-55,-72,5
178,171,0
-169,-167,4
169,163,0
-69,-84,5
181,182,0
-69,-68,5
180,163,0
192,167,0
-27,21,2
-49,-86,5
-146,-103,3
-180,-167,4
33,-91,1
-47,11,2
196,152,0
-22,21,2
-175,-178,4
-30,16,2
-52,-91,5
-76,-79,5
181,181,0
-169,-175,4
-170,-165,4
174,167,0
-147,-118,3
16,-82,1
-31,13,2
-164,-100,3
-51,20,2
-62,-75,5
188,170,0
13,-86,1
-59,14,2
-169,-160,4
-69,-65,5
179,182,0
-168,-169,4
-148,-111,3
-162,-100,3
-43,12,2
-152,-95,3
-63,20,2
-52,29,2
18,-81,1
22,-77,1
180,166,0
-56,50,2
-56,13,2
-174,-176,4
24,-72,1
184,178,0
160,-80,5
-159,-167,4
-52,20,2
-74,-69,5
-143,-86,3
-87,-51,5
-34,14,2
179,181,0
188,190,0
-70,6,2
-123,-94,3
-68,-69,5
-179,-176,4
-68,25,2
-176,-178,4
-151,-91,3
-55,26,2
4,-74,1
14,-87,1
-150,-113,3
-72,-100,5
29,-87,1
-69,-70,5
-169,-168,4
-47,8,2
-79,-79,5
-55,27,2
10,-66,1
-64,-68,5
-165,-166,4
174,160,0
-76,-87,5
168,178,0
-164,-180,4
-81,-72,5
49,-88,1
-72,-70,5
186,178,0
179,183,0
-136,-100,3
165,167,0
-63,20,2
-181,-168,4
-145,-118,3
-166,-87,3
26,-62,1
-168,-175,4
-45,31,2
-134,-97,3
-62,37,2
197,154,0
-146,-94,3
-157,-109,3
-46,14,2
-1,-104,1
-145,-109,3
-141,-107,3
-44,17,2
-73,-53,5
-45,16,2
-39,44,2
-163,-94,3
-66,-101,5
-50,-1,2
-52,19,2
185,159,0
-152,-89,3
179,172,0
-74,-83,5
-55,-81,5
-149,-98,3
-38,35,2
-168,-170,4
-175,-168,4
-163,-175,4
-158,-97,3
-62,19,2
-48,32,2
-75,-67,5
13,-88,1
198,183,0
40,-82,1
165,167,0
35,-88,1
151,179,0
-166,-90,3
-165,-167,4
-8,-68,1
-176,-167,4
-61,8,2
-155,-100,3
-81,-72,5
-154,-82,3
-48,28,2
-139,-103,3
-167,-173,4
-166,-166,4
-147,-97,3
-77,-81,5
-80,-93,5
177,182,0
-67,-70,5
-172,-172,4
-82,-75,5
-33,-83,5
-49,14,2
19,-75,1
-153,-168,4
-73,-100,5
-60,-92,5
35,-64,1
21,-75,1
-72,-81,5
-157,-116,3
-47,28,2
-70,-92,5
169,185,0
-172,-175,4
-167,-158,4
27,-78,1
-176,-176,4
-84,-83,5
-163,-175,4
24,-72,1
-75,-93,5
-52,-82,5
-165,-91,3
-167,-171,4
-178,-94,3
42,175,0
-177,-168,4
-40,33,2
171,168,0
10,-86,1
167,173,0
-59,-76,5
-45,16,2
20,-99,1
-55,37,2
187,162,0
-82,-79,5
-84,-87,5
25,-81,1
12,-87,1
-46,12,2
-32,13,2
-48,13,2
-42,27,2
-172,-167,4
-58,2,2
-150,-108,3
165,158,0
-46,15,2
192,184,0
-170,-170,4
14,-77,1
-160,-162,4
175,173,0
-124,-93,3
-158,-101,3
22,-95,1
-156,-94,3
-162,-178,4
175,158,0
-155,-96,3
177,164,0
-70,-87,5
-168,-170,4
156,183,0
9,-79,1
-71,-85,5
177,161,0
-77,-94,5
-177,-172,4
-38,4,2
6,-71,1
194,154,0
168,175,0
-61,-95,5
-154,-106,3
-176,-176,4
-168,-177,4
-52,2,2
-168,-164,4
-80,-78,5
-85,-71,5
-75,-98,5
175,175,0
-61,2,2
-50,21,2
-150,-97,3
-72,-77,5
187,171,0
25,-89,1
35,-89,1
23,-87,1
-71,-81,5
-54,26,2
15,-82,1
-83,-60,5
-150,-100,3
-79,-75,5
-51,23,2
-55,-62,5
-138,-102,3
34,-75,1
174,167,0
17,-97,1
-63,-77,5
-181,-169,4
21,-88,1
11,-74,1
-80,-91,5
-168,-158,4
20,-87,1
11,-74,1
-43,27,2
-173,-173,4
-144,-96,3
-168,-106,3
-134,-91,3
8,-76,1
-169,-180,4
-172,-170,4
-169,-174,4
169,160,0
-154,-95,3
-57,33,2
-152,-100,3
195,165,0
12,-84,1
-154,-87,3
-66,-85,5
-32,4,2
-69,-90,5
-64,19,2
-163,-109,3
-153,-109,3
-66,-76,5
-77,28,2
-141,-109,3
-31,31,2
28,-64,1
174,179,0
-169,-165,4
15,-64,1
-59,-92,5
-81,-82,5
-122,-97,3
-167,-169,4
-169,-168,4
-44,12,2
-146,-84,3
-44,29,2
-153,-102,3
176,179,0
175,158,0
-179,-168,4
-166,-96,3
-66,-88,5
164,162,0
40,-92,1
-131,-95,3
-152,-97,3
8,-90,1
-140,-98,3
-58,-71,5
-29,-76,5
191,160,0
-60,27,2
21,-86,1
-34,18,2
-78,-74,5
-33,29,2
-158,-107,3
-134,-115,3
-172,-162,4
-161,-170,4
25,-82,1
-57,28,2
-59,3,2
-77,-83,5
-163,-178,4
-53,12,2
-155,-108,3
-172,-163,4
-62,19,2
11,-104,1
-179,-173,4
-83,-78,5
34,-92,1
-45,10,2
-168,-176,4
-152,-100,3
19,-66,1
170,169,0
-170,-173,4
5,-92,1
-43,10,2
174,171,0
-89,-73,5
-62,-88,5
-172,-163,4
-156,-99,3
13,-86,1
16,-84,1
-178,-170,4
23,-74,1
166,176,0
-43,18,2
-141,-91,3
173,168,0
179,181,0
-132,-112,3
191,155,0
-71,-78,5
8,-87,1
-54,13,2
-59,-75,5
-30,14,2
-149,-85,3
-161,-103,3
-158,-98,3
-163,-170,4
-147,-108,3
196,170,0
177,182,0
-67,-81,5
-144,-96,3
167,171,0
171,183,0
168,175,0
-37,17,2
18,-88,1
-149,-94,3
-165,-176,4
-167,-165,4
-125,-105,3
27,-70,1
-75,-95,5
-160,-105,3
-172,-167,4
20,-77,1
162,185,0
-172,-171,4
-158,-99,3
171,149,0
-66,9,2
29,-82,1
-146,-88,3
-65,30,2
178,171,0
-76,27,2
-72,-71,5
-52,-90,5
190,176,0
-2,-63,1
180,171,0
-140,-85,3
31,-56,1
-164,-92,3
-72,-89,5
-173,-175,4
-89,-77,5
-74,-94,5
-49,22,2
167,169,0
-59,7,2
192,154,0
185,161,0
43,-82,1
22,-73,1
-167,-158,4
193,170,0
26,-88,1
-169,-180,4
5,-95,1
-166,-167,4
-51,14,2
-150,-83,3
-71,-83,5
-61,-86,5
-76,13,2
169,172,0
-61,-2,2
-52,36,2
179,165,0
17,-87,1
-56,32,2
9,-90,1
172,166,0
194,168,0
-153,-83,3
-48,24,2
-161,-170,4
-83,-64,5
5,-52,1
186,166,0
-68,-87,5
26,-64,1
-58,29,2
15,-83,1
-169,-173,4
-71,-68,5
-75,-71,5
-50,30,2
-55,-85,5
191,160,0
171,176,0
-65,-88,5
-71,-80,5
-47,13,2
-161,-174,4
-72,-73,5
198,181,0
-76,-67,5
172,172,0
-43,19,2
-43,19,2
-1,-66,1
-159,-169,4
-49,-4,2
-136,-104,3
-62,27,2
30,-93,1
20,-73,1
-85,-77,5
-179,-176,4
-177,-165,4
-167,-171,4
-56,21,2
-64,18,2
-143,-93,3
-165,-176,4
-68,-66,5
-76,-72,5
181,166,0
-77,-78,5
-167,-166,4
-148,-82,3
-175,-180,4
-40,27,2
5,-67,1
-180,-166,4
-145,-102,3
-74,-73,5
-171,-168,4
10,-83,1
-182,-169,4
-52,24,2
-149,-91,3
183,165,0
-163,-165,4
174,179,0
31,-83,1
-183,-176,4
-68,-73,5
-172,-174,4
-3,-88,1
-172,-169,4
-53,23,2
-167,-174,4
-47,27,2
19,-87,1
186,172,0
-34,23,2
-75,-89,5
186,158,0
-158,-105,3
-154,-96,3
-141,-98,3
22,-72,1
-169,-173,4
-168,-177,4
169,156,0
190,167,0
-166,-165,4
-176,-176,4
34,-78,1
-70,-75,5
67,-166,4
26,-86,1
-82,-84,5
-173,-161,4
-153,-105,3
-139,-91,3
-171,-175,4
29,-89,1
-166,-92,3
5,-75,1
-55,-87,5
20,-71,1
-68,-78,5
30,-86,1
-168,-166,4
-150,-100,3
-49,11,2
-169,-176,4
182,154,0
13,-77,1
23,-86,1
-62,-73,5
-63,13,2
-77,-84,5
-53,20,2
-176,-164,4
-156,-107,3
21,-85,1
-56,29,2
-59,-67,5
-156,-85,3
-139,-106,3
-50,28,2
-153,-101,3
-50,2,2
-67,-72,5
-165,-177,4
-168,-174,4
-174,-168,4
184,162,0
37,-67,1
185,163,0
-169,-175,4
-46,9,2
-155,-118,3
-160,-106,3
-66,-84,5
-53,-96,5
28,-74,1
-45,12,2
25,-94,1
-167,-175,4
-83,-76,5
184,166,0
-63,25,2
-64,21,2
-168,-173,4
-48,31,2
35,-66,1
-83,-69,5
34,-76,1
172,166,0
32,-63,1
-52,25,2
5,-83,1
22,-71,1
-81,-85,5
-48,20,2
185,174,0
-140,-97,3
-78,-76,5
-177,-166,4
-142,-86,3
-167,-172,4
-148,-86,3
172,173,0
-40,7,2
187,172,0
18,-80,1
-157,-165,4
-47,12,2
-30,19,2
-69,-78,5
177,178,0
12,-70,1
-135,-79,3
175,163,0
-46,24,2
197,142,0
-163,-91,3
-165,-120,3
-147,-101,3
-65,-79,5
-62,14,2
178,153,0
180,172,0
172,195,0
-162,-88,3
18,-91,1
-169,-161,4
-170,-173,4
12,-80,1
165,165,0
-177,-172,4
-168,-173,4
-167,-168,4
-174,-168,4
21,-76,1
40,-75,1
-175,-178,4
184,185,0
-173,-166,4
-160,-92,3
-64,-70,5
186,164,0
-171,-162,4
-166,-172,4
-51,-4,2
191,170,0
196,172,0
-164,-170,4
-167,-176,4
37,-73,1
-161,-105,3
-145,-84,3
-139,-107,3
15,-94,1
30,-70,1
19,-67,1
-152,-108,3
165,161,0
-53,5,2
181,165,0
-47,29,2
-158,-96,3
176,181,0
170,178,0
168,167,0
-56,26,2
168,167,0
-133,-98,3
-42,21,2
-163,-96,3
182,163,0
-169,-175,4
-174,-164,4
28,-84,1
-65,-71,5
190,193,0
-72,-81,5
-155,-90,3
-167,-157,4
-49,18,2
174,159,0
180,172,0
-167,-171,4
-85,-75,5
-136,-102,3
-61,-82,5
13,-80,1
-68,-94,5
-156,-103,3
19,-59,1
-42,23,2
-121,-88,3
-169,-169,4
188,160,0
-152,-86,3
-71,-99,5
-66,-97,5
168,175,0
-63,25,2
-62,6,2
-164,-175,4
-52,-5,2
-90,-76,5
-155,-110,3
-172,-164,4
-30,36,2
13,-82,1
-66,22,2
-140,-100,3
-59,-83,5
-158,-95,3
177,168,0
-76,-62,5
-74,-81,5
-164,-171,4
-35,9,2
-162,-93,3
4,-77,1
-158,-104,3
-52,-9,2
186,157,0
-65,-85,5
-144,-85,3
187,156,0
-153,-121,3
5,-76,1
-63,6,2
-165,-178,4
-60,-73,5
-167,-169,4
-53,18,2
2,-89,1
-154,-110,3
41,-73,1
-137,-103,3
-75,-74,5
-57,-89,5
-162,-169,4
43,-69,1
20,-87,1
-78,-77,5
-136,-90,3
31,-71,1
-145,-105,3
-147,-108,3
-177,-173,4
-59,-94,5
-165,-169,4
-156,-87,3
10,-78,1
-146,-104,3
27,-80,1
-161,-89,3
-87,-90,5
-167,-175,4
-36,15,2
14,-75,1
9,-79,1
33,-89,1
-78,-83,5
22,-85,1
-56,-101,5
-176,-160,4
-61,-69,5
-90,-78,5
15,-87,1
-60,-79,5
175,168,0
-142,-92,3
-162,-171,4
-73,19,2
-34,38,2
-168,-174,4
-60,-81,5
179,177,0
43,-79,1
-37,27,2
-149,-112,3
-82,-89,5
7,-78,1
178,178,0
-142,-83,3
-40,33,2
-161,-105,3
-170,-173,4
-144,-87,3
-70,-79,5
-38,20,2
-72,-86,5
27,-79,1
-83,-81,5
-178,-164,4
-148,-85,3
18,-74,1
-174,-173,4
-142,-116,3
-170,-163,4
181,177,0
10,-87,1
-168,-97,3
-35,30,2
-148,-110,3
-146,-102,3
-164,-97,3
-76,-112,5
-40,26,2
-65,27,2
173,175,0
-141,-92,3
-169,-171,4
177,170,0
-167,-161,4
-172,-172,4
175,146,0
178,173,0
-57,13,2
-150,-98,3
-73,-74,5
-93,-82,5
-32,8,2
16,-85,1
-180,-171,4
-57,22,2
-63,-75,5
20,-64,1
-50,-86,5
176,168,0
-175,-167,4
-148,-119,3
12,-73,1
-43,20,2
167,175,0
-172,-171,4
-55,-92,5
-60,-50,5
-69,-74,5
-67,-82,5
-168,-171,4
-167,-177,4
182,164,0
5,-67,1
177,172,0
-164,-97,3
-50,18,2
-148,-108,3
-160,-107,3
-73,-81,5
-51,36,2
-171,-159,4
-153,-76,3
-55,-77,5
-84,-93,5
-55,-83,5
-174,-172,4
161,161,0
-60,-82,5
-174,-166,4
-163,-84,3
191,174,0
-144,-93,3
-166,-171,4
-68,-88,5
-141,-118,3
5,-82,1
23,-82,1
-67,-76,5
26,-83,1
-65,-68,5
31,-102,1
-176,-163,4
171,176,0
-153,-109,3
16,-78,1
170,164,0
9,-96,1
2,-64,1
174,179,0
28,-78,1
-167,-174,4
177,173,0
-165,-107,3
-166,-175,4
7,-75,1
-68,-73,5
-35,31,2
-28,37,2
29,-82,1
15,-86,1
16,-89,1
-179,-175,4
-74,-73,5
-154,-104,3
-44,22,2
-168,-174,4
-177,-174,4
-153,-101,3
-169,-176,4
194,180,0
29,-77,1
-39,14,2
-51,15,2
165,150,0
-175,-170,4
17,-91,1
-178,-98,3
-77,-74,5
-67,-162,5
175,174,0
176,173,0
-135,-102,3
16,-92,1
27,-83,1
-66,12,2
-168,-178,4
35,-98,1
-150,-93,3
-76,-86,5
-164,-103,3
-63,25,2
-144,-118,3
-63,20,2
-57,-73,5
-69,-92,5
-167,-161,4
-170,-171,4
-173,-91,3
-66,-83,5
-175,-168,4
-172,-174,4
19,-78,1
-58,-94,5
-58,-75,5
-135,-80,3
181,166,0
173,177,0
12,-70,1
-169,-173,4
-56,-86,5
15,-80,1
35,-81,1
-30,27,2
-170,-173,4
-46,13,2
176,188,0
-160,-102,3
180,162,0
-163,-166,4
22,-96,1
-168,-170,4
-163,-174,4
15,-93,1
-90,-76,5
-165,-176,4
-151,-115,3
-138,-94,3
-73,-77,5
33,-82,1
27,-89,1
177,173,0
196,184,0
-160,-173,4
178,175,0
12,-82,1
-64,28,2
-163,-163,4
-39,19,2
165,171,0
21,-79,1
-37,20,2
172,175,0
-80,-91,5
-150,-102,3
-78,-76,5
188,156,0
-148,-114,3
11,-87,1
174,179,0
-146,-97,3
-172,-178,4
30,-71,1
18,-86,1
-171,-170,4
-141,-123,3
-159,-105,3
-62,-80,5
-57,-101,5
25,-84,1
-92,-86,5
-153,-123,3
-170,-173,4
-157,-124,3
18,-73,1
31,-76,1
-63,15,2
-142,-85,3
-174,-176,4
-154,-105,3
-41,21,2
181,171,0
-176,-169,4
-68,-78,5
-170,-169,4
-175,-164,4
-175,-175,4
-58,-84,5
-57,-95,5
-60,8,2
-47,23,2
-43,27,2
-175,-165,4
-66,24,2
-61,22,2
16,-92,1
26,-86,1
-163,-98,3
-70,-81,5
9,-81,1
-67,-76,5
-177,-176,4
27,-66,1
-60,41,2
188,164,0
-146,-111,3
-64,-98,5
22,-86,1
-172,-172,4
-162,-98,3
167,163,0
-28,27,2
13,-71,1
-176,-174,4
188,174,0
-70,-80,5
-78,-69,5
165,167,0
13,-69,1
187,162,0
-55,-96,5
-164,-85,3
-44,19,2
-67,24,2
-171,-174,4
-64,6,2
-46,13,2
-173,-172,4
14,-84,1
-147,-92,3
15,-80,1
187,185,0
-177,-171,4
-166,-170,4
-173,-180,4
-77,-54,5
179,166,0
14,-73,1
-52,14,2
-153,-117,3
30,-78,1
-74,-87,5
27,-90,1
150,152,0
-45,22,2
-91,-84,5
-60,19,2
173,167,0
-70,-78,5
21,-78,1
-51,16,2
-157,-99,3
-147,-95,3
-70,15,2
-174,-167,4
-168,-175,4
-64,-70,5
30,-79,1
-139,-118,3
-174,-172,4
-66,26,2
-164,-169,4
-62,-77,5
-54,-71,5
-42,18,2
-49,-102,5
179,186,0
-62,-88,5
-172,-165,4
-169,-165,4
183,165,0
-51,33,2
-49,9,2
-152,-100,3
-168,-161,4
7,-100,1
-49,27,2
-168,-165,4
182,169,0
-73,-89,5
199,188,0
-145,-108,3
-35,27,2
-33,17,2
-77,-61,5
-146,-95,3
167,177,0
-83,-94,5
-159,-109,3
-68,-95,5
-178,-174,4
-143,-106,3
12,-81,1
-52,23,2
-172,-172,4
-141,-93,3
-71,-74,5
-164,-116,3
-80,-90,5
17,-79,1
10,-75,1
-166,-170,4
170,179,0
-71,-83,5
-125,-108,3
-147,-96,3
8,-94,1
-150,-96,3
-143,-113,3
19,-84,1
-41,12,2
3,-83,1
182,154,0
-161,-109,3
-171,-99,3
-82,-90,5
-167,-170,4
-65,5,2
-178,-167,4
31,-74,1
-64,-85,5
-176,-170,4
-146,-113,3
-84,-91,5
-81,-88,5
-48,5,2
-42,29,2
14,-76,1
-35,4,2
159,150,0
-167,-170,4
-152,-114,3
-143,-118,3
-89,-82,5
24,-72,1
19,-87,1
-148,-107,3
28,-93,1
-45,23,2
-169,-168,4
197,163,0
-163,-174,4
-64,-108,5
-54,16,2
183,180,0
163,178,0
-74,-77,5
-147,-93,3
171,168,0
-169,-177,4
7,-75,1
-67,-80,5
-166,-94,3
20,-90,1
-171,-166,4
-164,-165,4
12,-79,1
-69,-64,5
-140,-91,3
-51,40,2
23,-76,1
-90,-95,5
181,181,0
166,179,0
-154,-117,3
18,-81,1
164,160,0
-155,-101,3
-36,8,2
-35,13,2
-68,-78,5
172,168,0
-145,-94,3
33,-93,1
19,-79,1
172,161,0
-70,-80,5
-130,-101,3
187,168,0
-54,-93,5
-166,-172,4
-46,16,2
-40,20,2
18,-82,1
-157,-110,3
-155,-90,3
-65,-83,5
175,181,0
173,182,0
-52,32,2
174,157,0
30,-92,1
-50,-71,5
9,-99,1
181,150,0
-44,32,2
-58,-98,5
183,153,0
-158,-93,3
-42,15,2
184,172,0
-171,-169,4
-83,14,2
-147,-105,3
-65,-70,5
35,-79,1
-69,-81,5
-61,-87,5
15,-89,1
-60,-86,5
-78,-89,5
-50,23,2
-168,-165,4
-173,-171,4
196,169,0
173,197,0
171,166,0
-56,-85,5
-159,-103,3
-68,-76,5
-170,-171,4
13,-80,1
-167,-177,4
-174,-167,4
42,-76,1
-53,16,2
-85,-79,5
-57,-85,5
-162,-173,4
27,-83,1
-173,-165,4
-176,-168,4
183,152,0
-170,-173,4
-132,-114,3
-68,28,2
-166,-170,4
-66,-77,5
-40,35,2
-45,20,2
169,180,0
187,179,0
-55,30,2
179,161,0
-73,18,2
184,160,0
-83,-84,5
-58,26,2
-45,10,2
-143,-96,3
-150,-113,3
-168,-175,4
179,181,0
31,-91,1
-45,11,2
-74,-87,5
-141,-107,3
178,169,0
-67,12,2
14,-71,1
176,167,0
-59,17,2
-161,-176,4
175,171,0
-166,-160,4
-172,-179,4
-53,-83,5
-67,27,2
170,179,0
-147,-103,3
172,166,0
-149,-107,3
-78,-94,5
-170,-158,4
-68,-78,5
-166,-173,4
179,159,0
-149,-105,3
-30,10,2
23,-74,1
20,-70,1
-45,12,2
-169,-175,4
-172,-168,4
-146,-88,3
-133,-112,3
-161,-172,4
-166,-168,4
-55,35,2
-62,-92,5
-150,-121,3
-61,-88,5
-55,33,2
196,171,0
-170,-168,4
190,155,0
-58,10,2
32,-75,1
-138,-100,3
-155,-101,3
-173,-102,3
-42,19,2
-71,-91,5
-167,-164,4
-33,11,2
-173,-164,4
-40,31,2
181,174,0
-83,-88,5
19,-74,1
25,-76,1
179,177,0
-170,-165,4
-173,-172,4
-142,-82,3
-41,31,2
164,156,0
-168,-174,4
-155,-92,3
-160,-102,3
191,159,0
-43,23,2
-173,-165,4
-61,-73,5
182,190,0
21,-71,1
177,186,0
-52,22,2
17,-75,1
-71,-74,5
-149,-97,3
-145,-102,3
29,-78,1
-154,-97,3
-171,-172,4
-78,-79,5
176,183,0
-87,-76,5
178,159,0
18,-86,1
-140,-93,3
-144,-105,3
-151,-106,3
26,-73,1
-48,16,2
-167,-163,4
-47,21,2
-52,22,2
179,170,0
-171,-169,4
-61,-85,5
17,-71,1
172,180,0
-84,-78,5
176,181,0
-161,-166,4
-162,-174,4
-42,25,2
-49,16,2
165,175,0
-71,-77,5
-38,11,2
-51,31,2
8,-74,1
-61,21,2
-170,-174,4
-174,-169,4
-138,-96,3
-174,-79,3
-57,-76,5
-68,34,2
7,-79,1
-162,-111,3
-46,6,2
173,165,0
-51,39,2
30,-71,1
183,181,0
-174,-172,4
-177,-164,4
-72,-86,5
-67,-73,5
-67,-77,5
-168,-162,4
24,-90,1
-54,6,2
178,178,0
-78,-89,5
-166,-97,3
-55,21,2
-54,5,2
-87,-80,5
-83,-81,5
-172,-174,4
-87,-88,5
29,-90,1
-166,-172,4
-159,-101,3
-134,-97,3
18,-84,1
190,163,0
173,150,0
11,-79,1
-164,-175,4
-39,-5,2
-55,18,2
-153,-98,3
3,-86,1
-145,-87,3
-59,-78,5
-134,-107,3
-77,-85,5
-58,-67,5
182,186,0
-47,37,2
-168,-178,4
-75,-68,5
-46,17,2
-173,-167,4
181,185,0
-141,-87,3
-52,14,2
35,-96,1
-35,-6,2
-158,-102,3
-68,-73,5
-175,-167,4
4,-87,1
166,175,0
190,178,0
-49,29,2
-162,-110,3
-78,-80,5
172,162,0
-168,-94,3
-99,-75,5
-57,22,2
179,184,0
-175,-164,4
-63,14,2
165,159,0
-65,-95,5
33,-101,1
-156,-94,3
-36,34,2
-178,-171,4
26,-76,1
-81,-71,5
-74,-90,5
180,180,0
24,-52,1
19,-80,1
-62,-73,5
182,164,0
-154,-98,3
-169,-168,4
-130,-86,3
-38,30,2
-54,32,2
179,176,0
19,-82,1
-135,-122,3
-153,-98,3
24,-72,1
-39,-3,2
25,-85,1
-68,43,2
-148,-88,3
-174,-168,4
-144,-79,3
186,169,0
-63,-90,5
-155,-112,3
-130,-95,3
-44,26,2
-164,-179,4
185,166,0
168,170,0
-46,13,2
181,171,0
-154,-89,3
-151,-114,3
174,161,0
24,-86,1
33,-89,1
-42,13,2
-157,-92,3
-75,-91,5
-61,-86,5
27,-69,1
-172,-161,4
-41,37,2
-151,-101,3
8,-73,1
25,-94,1
-160,-101,3
-57,36,2
-47,26,2
-173,-164,4
-69,-77,5
177,174,0
-158,-101,3
-169,-169,4
-139,-105,3
-44,24,2
19,-99,1
24,-93,1
-77,-92,5
170,177,0
-39,22,2
30,-71,1
-65,-85,5
188,175,0
-138,-115,3
-65,32,2
-75,-80,5
-71,-87,5
-149,-118,3
-69,-84,5
-170,-156,4
-174,-160,4
-74,-69,5
-68,27,2
27,-76,1
5,-66,1
-167,-174,4
6,-97,1
-171,-168,4
-171,-167,4
28,-69,1
179,165,0
29,-98,1
-169,-169,4
-77,-63,5
24,-78,1
-172,-175,4
-161,-95,3
180,171,0
-153,-83,3
-177,-163,4
-89,-79,5
-63,40,2
-91,-71,5
-156,-104,3
-154,-102,3
-79,-72,5
-72,-78,5
22,-70,1
-168,-175,4
-54,30,2
174,175,0
-146,-78,3
-40,6,2
-64,-71,5
-70,6,2
-168,-169,4
176,175,0
-168,-158,4
-71,-90,5
5,-85,1
-164,-175,4
-168,-179,4
-166,-171,4
173,168,0
-175,-174,4
-74,-78,5
187,173,0
-180,-178,4
-171,-168,4
-178,-168,4
-176,-180,4
24,-82,1
-53,26,2
199,174,0
164,162,0
-166,-165,4
-156,-112,3
-61,4,2
-64,-83,5
-75,-63,5
-146,-102,3
-71,-77,5
165,160,0
-51,36,2
172,180,0
-181,-168,4
26,-80,1
-170,-171,4
-162,-172,4
-140,-94,3
-170,-164,4
-151,-110,3
-142,-101,3
176,175,0
-49,-86,5
-34,23,2
-46,22,2
-66,-95,5
-67,-88,5
182,177,0
-96,-80,5
-57,-81,5
-170,-168,4
-170,-166,4
-168,-172,4
156,183,0
-177,-172,4
-2,-95,1
-170,-170,4
-63,-81,5
-59,32,2
-72,-78,5
-79,-82,5
20,-78,1
-61,8,2
-153,-100,3
175,179,0
19,-85,1
-68,-71,5
183,166,0
-45,26,2
186,171,0
196,168,0
-144,-91,3
183,180,0
-166,-178,4
-168,-172,4
-151,-91,3
-172,-174,4
-45,23,2
16,-89,1
-166,-167,4
17,-87,1
-68,-70,5
-51,18,2
-2,-90,1
18,-87,1
-176,-99,3
-169,-170,4
-47,22,2
-171,-169,4
-146,-91,3
-53,12,2
184,168,0
-70,-66,5
-157,-97,3
13,-78,1
-52,-73,5
-155,-98,3
31,-93,1
176,168,0
-172,-174,4
-172,-171,4
-172,-171,4
-178,-170,4
181,170,0
35,-81,1
-59,-71,5
-167,-160,4
-164,-100,3
166,169,0
-49,19,2
-162,-171,4
-169,-174,4
-38,32,2
-144,-102,3
177,171,0
-162,-95,3
-41,15,2
-64,29,2
-166,-165,4
21,-78,1
179,153,0
-49,1,2
-55,-86,5
188,162,0
-146,-97,3
-57,-74,5
-134,-100,3
-153,-108,3
-151,-132,3
-145,-91,3
-138,-108,3
-65,-87,5
24,-100,1
-160,-103,3
-167,-172,4
18,-89,1
-166,-169,4
-148,-87,3
187,170,0
-168,-161,4
175,169,0
18,-70,1
-177,-181,4
198,184,0
190,159,0
-79,-84,5
-51,16,2
-137,-110,3
172,162,0
-65,17,2
2,-67,1
-175,-168,4
-60,29,2
-180,-166,4
-155,-105,3
-163,-97,3
20,-89,1
-83,-62,5
-176,-184,4
23,-74,1
184,192,0
-56,-85,5
-54,2,2
16,-82,1
180,174,0
-160,-112,3
183,166,0
29,-74,1
-162,-95,3
-41,25,2
-60,7,2
-52,32,2
-178,-165,4
-150,-106,3
-47,31,2
-167,-159,4
-33,18,2
-51,2,2
-160,-168,4
5,-87,1
-138,-107,3
-148,-107,3
-170,-166,4
173,175,0
17,-76,1
-153,-111,3
-164,-169,4
-44,-1,2
171,166,0
-58,13,2
27,-65,1
162,163,0
-150,-99,3
-170,-169,4
182,161,0
13,-82,1
5,-81,1
-44,13,2
8,-80,1
-175,-175,4
-179,-167,4
-64,-79,5
-60,31,2
-53,21,2
-59,27,2
-156,-175,4
-159,-111,3
-163,-166,4
-75,-72,5
11,-70,1
-87,-84,5
-66,-78,5
-77,-70,5
-166,-172,4
-56,36,2
-28,5,2
-54,30,2
-171,-170,4
175,152,0
-64,-78,5
-176,-166,4
30,-87,1
183,170,0
-54,16,2
-75,-70,5
12,-71,1
-156,-114,3
-60,15,2
-66,-61,5
170,178,0
167,161,0
-165,-113,3
-165,-168,4
-62,-85,5
-151,-94,3
-82,-87,5
-142,-88,3
-48,31,2
-46,19,2
-47,-89,5
184,198,0
-70,-72,5
-156,-101,3
188,169,0
-180,-162,4
-145,-90,3
-69,-86,5
8,-87,1
36,-79,1
-89,-90,5
-87,-93,5
21,-76,1
-176,-176,4
-58,15,2
180,170,0
-56,-100,5
-161,-166,4
176,147,0
-53,-63,5
-172,-180,4
-44,34,2
-163,-110,3
186,164,0
-71,-79,5
-163,-97,3
31,-61,1
-63,-88,5
-168,-172,4
9,-90,1
10,-69,1
182,170,0
-149,-97,3
28,-71,1
32,-77,1
-165,-71,3
-166,-170,4
-86,-74,5
-170,-170,4
-61,-70,5
-166,-173,4
-172,-170,4
24,-85,1
-45,29,2
174,174,0
-70,-85,5
-53,24,2
-45,27,2
186,176,0
-172,-170,4
-52,17,2
12,-97,1
-50,19,2
-41,11,2
43,-83,1
-70,-72,5
-163,-174,4
-50,4,2
-72,-95,5
2,-77,1
-169,-172,4
-144,-100,3
-58,-73,5
8,-75,1
-54,21,2
-166,-177,4
-150,-99,3
-159,-109,3
15,-81,1
37,-95,1
-168,-165,4
183,152,0
-67,-94,5
-140,-106,3
-60,33,2
-56,-100,5
-151,-101,3
-74,-82,5
-159,-107,3
-77,-73,5
-44,26,2
9,-74,1
-169,-173,4
-72,7,2
-71,-76,5
-144,-107,3
-176,-171,4
160,173,0
-47,18,2
-164,-174,4
-55,9,2
-60,14,2
-22,25,2
7,-87,1
-144,-107,3
-131,-95,3
-60,-1,2
-171,-164,4
-59,22,2
-144,-83,3
198,181,0
-139,-73,3
171,178,0
-62,14,2
-164,-99,3
-67,-77,5
-147,-109,3
-170,-88,3
182,167,0
28,-80,1
14,-82,1
-146,-88,3
-58,5,2
-175,-155,4
2,-82,1
47,-79,1
169,170,0
170,176,0
-42,15,2
173,168,0
183,164,0
-38,30,2
175,172,0
13,-79,1
-62,25,2
-19,28,2
29,-83,1
-160,-171,4
199,164,0
-168,-179,4
-57,23,2
26,-75,1
-63,19,2
-62,3,2
-170,-171,4
-35,-2,2
171,161,0
-68,-73,5
-60,-87,5
-152,-110,3
12,-73,1
-175,-173,4
173,176,0
12,-84,1
177,183,0
-65,11,2
23,-62,1
26,-87,1
-68,-99,5
172,180,0
-68,-79,5
-53,6,2
13,-88,1
12,-75,1
-61,-59,5
-167,-167,4
-60,-71,5
-61,13,2
177,165,0
-150,-99,3
-136,-130,3
-161,-172,4
189,139,0
-145,-87,3
-86,-83,5
-152,-101,3
-159,-101,3
-77,-71,5
-58,29,2
-69,-76,5
-169,-177,4
-58,12,2
-51,43,2
-141,-97,3
-62,-73,5
170,161,0
-60,19,2
-166,-167,4
-70,31,2
175,172,0
15,-101,1
-173,-172,4
19,-80,1
190,169,0
-181,-168,4
-135,-107,3
179,166,0
186,173,0
186,165,0
-169,-179,4
195,176,0
30,-74,1
13,-92,1
-169,-177,4
-140,-90,3
192,178,0
-71,24,2
18,-75,1
188,188,0
-64,-79,5
34,-67,1
-172,-166,4
-70,-69,5
-171,-174,4
-79,-65,5
-65,16,2
20,-87,1
184,161,0
-142,-87,3
-132,-96,3
171,179,0
-55,-78,5
29,-82,1
41,-73,1
-172,-175,4
-77,-81,5
-167,-174,4
-166,-172,4
-162,-112,3
181,171,0
10,-81,1
-164,-93,3
-54,28,2
-74,-72,5
-168,-175,4
18,-82,1
193,188,0
-46,20,2
-169,-92,3
-58,27,2
174,175,0
-34,23,2
-80,-80,5
-151,-98,3
19,-73,1
-174,-168,4
-85,-93,5
-174,-167,4
-168,-164,4
-48,32,2
-164,-162,4
22,-81,1
187,166,0
-78,-94,5
-78,-70,5
179,167,0
-171,-174,4
172,165,0
185,170,0
-56,27,2
-43,11,2
-151,-96,3
-57,23,2
30,-76,1
-128,-95,3
184,166,0
-176,-167,4
-77,-85,5
19,-55,1
28,-88,1
9,-70,1
-82,-84,5
-66,-71,5
177,170,0
-158,-94,3
175,176,0
26,-80,1
170,181,0
173,167,0
-55,31,2
185,163,0
183,161,0
-144,-111,3
-83,-89,5
-40,17,2
-54,12,2
-170,-157,4
-169,-170,4
-151,-108,3
-64,-86,5
-58,16,2
-59,-78,5
-152,-111,3
181,170,0
-60,16,2
183,170,0
175,180,0
27,-90,1
184,176,0
-60,-69,5
35,-65,1
-179,-167,4
-173,-174,4
-146,-97,3
181,176,0
-170,-169,4
186,184,0
-74,-87,5
-170,-171,4
-162,-89,3
-159,-96,3
-169,-172,4
-168,-173,4
-134,-94,3
-53,25,2
-61,-63,5
-165,-174,4
-45,21,2
-142,-95,3
-56,19,2
-171,-165,4
-59,-77,5
-163,-166,4
-36,22,2
-48,29,2
26,-89,1
-175,-169,4
-175,-170,4
-147,-95,3
-139,-101,3
-171,-117,3
-54,27,2
-161,-92,3
-167,-179,4
-61,-63,5
193,153,0
-175,-174,4
8,-75,1
-176,-172,4
-49,20,2
198,175,0
-144,-97,3
-72,-82,5
3,-63,1
-167,-174,4
34,-75,1
-179,-104,3
-176,-167,4
38,-67,1
-55,19,2
-148,-100,3
187,173,0
198,180,0
-177,-162,4
-87,-75,5
-75,-85,5
-88,-78,5
-58,28,2
20,-84,1
-165,-167,4
-75,17,2
-28,-2,2
195,178,0
-123,-108,3
-137,-88,3
-73,-81,5
160,181,0
179,173,0
-87,-86,5
-155,-97,3
-153,-109,3
-64,-76,5
-169,-161,4
194,169,0
-60,-92,5
-144,-114,3
-68,-75,5
185,160,0
-144,-72,3
-46,30,2
-173,-169,4
-62,-61,5
-139,-100,3
-180,-177,4
187,193,0
-64,-83,5
180,172,0
-171,-170,4
-32,31,2
192,167,0
15,-100,1
176,168,0
-44,18,2
193,180,0
-147,-99,3
-30,24,2
19,-90,1
21,-85,1
180,152,0
-54,8,2
169,168,0
-168,-166,4
34,-84,1
27,-98,1
-73,-75,5
178,168,0
-178,-169,4
-51,19,2
-54,14,2
30,-65,1
8,-84,1
9,-62,1
-156,-94,3
20,-62,1
-157,-106,3
193,189,0
-67,-89,5
-173,-170,4
-171,-161,4
-169,-107,3
-156,-95,3
190,183,0
-152,-94,3
171,185,0
-176,-166,4
-176,-161,4
172,170,0
-52,9,2
179,178,0
12,-79,1
-53,11,2
192,181,0
-69,-72,5
-176,-167,4
-51,25,2
22,-69,1
-7,-99,1
186,186,0
-65,-88,5
-174,-171,4
-139,-106,3
-71,38,2
-74,7,2
-150,-92,3
-54,15,2
-87,-78,5
-168,-166,4
-59,-82,5
-165,-171,4
188,157,0
-53,33,2
-67,-87,5
183,171,0
-169,-170,4
33,-81,1
-162,-164,4
-68,32,2
-136,-105,3
167,177,0
19,-86,1
14,-80,1
-170,-170,4
-145,-80,3
-65,13,2
15,-75,1
188,171,0
-30,13,2
184,149,0
15,-77,1
-153,-114,3
-143,-98,3
14,-80,1
40,-84,1
168,183,0
-167,-180,4
38,-75,1
-69,-73,5
-171,-176,4
-66,-81,5
-168,-171,4
-53,-71,5
178,165,0
-169,-167,4
-53,33,2
-174,-161,4
-170,-172,4
-146,-116,3
-77,-82,5
-164,-170,4
-146,-108,3
-168,-172,4
17,-79,1
186,163,0
-52,29,2
-67,37,2
-161,-127,3
-146,-100,3
-29,41,2
-152,-77,3
-163,-170,4
-171,-167,4
-161,-166,4
-169,-162,4
-67,-67,5
-48,15,2
-53,19,2
188,180,0
4,-74,1
-46,30,2
-61,-88,5
182,179,0
-164,-171,4
-166,-167,4
-44,4,2
-69,-82,5
-152,-92,3
199,169,0
179,187,0
-64,-74,5
-161,-172,4
-155,-83,3
-66,21,2
-52,27,2
-150,-107,3
-56,30,2
-3,-84,1
-73,15,2
-172,-177,4
32,-66,1
-78,-73,5
12,-66,1
-162,-176,4
-58,19,2
-155,-95,3
-74,-90,5
-140,-102,3
-75,-61,5
-65,-79,5
175,150,0
175,178,0
165,181,0
-50,24,2
-73,-78,5
-178,-165,4
-75,-74,5
-49,-6,2
-172,-174,4
-83,-70,5
21,-81,1
-67,-81,5
-174,-163,4
-166,-164,4
187,183,0
-69,-86,5
174,158,0
176,166,0
-133,-108,3
-152,-95,3
-89,-83,5
-81,-99,5
-169,-163,4
-56,12,2
-59,-63,5
-63,24,2
-44,6,2
-74,-95,5
-69,-83,5
20,-71,1
37,-87,1
-82,-90,5
-47,10,2
193,156,0
175,166,0
186,172,0
-46,26,2
-168,-176,4
-171,-169,4
-80,-69,5
198,156,0
19,-82,1
11,-63,1
15,-73,1
-182,-169,4
-175,-171,4
-145,-94,3
26,-83,1
-163,-90,3
-68,-51,5
32,-86,1
-61,-87,5
-169,-166,4
-165,-174,4
-165,-166,4
-165,-167,4
-172,-174,4
-74,-64,5
-165,-154,4
-58,28,2
-70,-82,5
168,168,0
16,-100,1
-86,-76,5
-148,-87,3
-66,46,2
176,168,0
25,-84,1
-47,25,2
15,-101,1
-65,-97,5
-132,-99,3
39,-77,1
32,-77,1
-60,-83,5
43,-78,1
180,170,0
-171,-171,4
-77,33,2
-51,15,2
168,163,0
-47,17,2
183,166,0
192,167,0
-175,-174,4
-51,-80,5
177,159,0
-48,17,2
-180,-171,4
45,-59,1
-89,-85,5
-160,-103,3
-74,-101,5
21,-72,1
183,171,0
17,-87,1
180,177,0
-63,-90,5
2,-96,1
-91,-98,5
-164,-172,4
-91,-74,5
-143,-98,3
15,-96,1
-156,-90,3
-42,21,2
24,-83,1
26,-81,1
175,179,0
-147,-94,3
-59,22,2
192,177,0
14,-68,1
-167,-167,4
-147,-117,3
-167,-166,4
43,-75,1
-46,14,2
-170,-171,4
-61,-68,5
-73,-80,5
190,168,0
189,172,0
18,-79,1
20,-64,1
35,-66,1
-166,-99,3
30,-79,1
-37,17,2
-60,-79,5
-169,-175,4
4,-74,1
-84,-78,5
-139,-104,3
-165,-173,4
-140,-108,3
185,162,0
36,-96,1
-174,-176,4
-54,24,2
-55,7,2
-36,39,2
-69,-70,5
-144,-101,3
-60,17,2
-48,32,2
11,-65,1
177,157,0
-57,19,2
-66,-87,5
-71,-78,5
-62,32,2
-174,-163,4
28,-72,1
-73,-74,5
-132,-94,3
41,-92,1
21,-70,1
-82,-73,5
184,176,0
-80,-72,5
-58,33,2
-159,-85,3
-172,-178,4
-31,15,2
3,-82,1
-143,-111,3
-147,-86,3
-71,-90,5
-68,-80,5
-67,-95,5
185,170,0
-51,7,2
174,186,0
-76,-91,5
21,-79,1
-154,-111,3
-62,-91,5
-135,-96,3
-69,24,2
179,164,0
-179,-168,4
-131,-98,3
-172,-176,4
173,172,0
34,-101,1
-173,-178,4
-165,-165,4
181,167,0
-63,-78,5
-143,-108,3
-80,-84,5
-162,-103,3
10,-83,1
182,178,0
167,176,0
-174,-165,4
-169,-165,4
-173,-160,4
33,-80,1
-87,-62,5
-36,10,2
181,178,0
159,165,0
-88,-84,5
-168,-167,4
182,180,0
-160,-164,4
-137,-108,3
-147,-104,3
24,-79,1
-64,16,2
20,-75,1
172,181,0
181,170,0
-160,-94,3
-2,-73,1
-161,-95,3
30,-68,1
25,-62,1
-159,-107,3
21,-83,1
189,175,0
27,-74,1
-48,9,2
-154,-102,3
-172,-178,4
-60,-75,5
-170,-173,4
-60,23,2
-59,-86,5
-178,-170,4
-167,-173,4
-156,-104,3
32,-83,1
1,-78,1
-65,-102,5
4,-62,1
181,172,0
-68,-69,5
163,136,0
27,-70,1
-170,-79,3
-172,-171,4
22,-75,1
181,182,0
-60,-6,2
14,-80,1
-82,24,2
-167,-168,4
-143,-93,3
-161,-105,3
-169,-170,4
-153,-96,3
-168,-171,4
-51,14,2
-175,-170,4
-53,13,2
-178,-179,4
11,-72,1
174,179,0
193,182,0
34,-98,1
-88,-86,5
-76,-86,5
11,-76,1
-41,18,2
-145,-97,3
180,183,0
-147,-99,3
-84,-81,5
-52,-92,5
12,-76,1
-48,-76,5
-136,-106,3
-78,-62,5
172,166,0
-75,-98,5
-61,-80,5
166,168,0
-82,-66,5
-47,12,2
158,160,0
-48,30,2
-155,-87,3
-67,-63,5
27,-87,1
-59,22,2
159,171,0
-149,-93,3
-170,-109,3
21,-91,1
182,152,0
-70,-61,5
-45,13,2
186,156,0
34,-77,1
-146,-86,3
-144,-90,3
-137,-86,3
32,-87,1
178,164,0
-40,31,2
-177,-162,4
-77,-86,5
172,172,0
185,173,0
-139,-100,3
-170,-177,4
-49,25,2
-63,11,2
-177,-165,4
19,-82,1
-163,-99,3
-151,-98,3
-74,-83,5
-162,-173,4
-142,-106,3
176,177,0
-69,-91,5
-66,-83,5
34,-75,1
-53,3,2
-133,-107,3
-90,-92,5
188,160,0
23,-63,1
-168,-171,4
-162,-101,3
-59,-5,2
188,174,0
-54,23,2
-166,-174,4
-167,-169,4
-67,-87,5
-74,-78,5
-136,-82,3
-54,-70,5
4,-76,1
-157,-103,3
-50,10,2
-148,-103,3
-175,-164,4
-160,-97,3
-75,-79,5
7,-71,1
-68,-68,5
24,-81,1
-46,16,2
181,166,0
-57,10,2
24,-76,1
-175,-98,3
-40,11,2
-171,-173,4
-129,-92,3
-167,-170,4
-76,-72,5
23,-67,1
-78,-94,5
175,148,0
191,171,0
31,-82,1
194,166,0
-172,-103,3
16,-85,1
-75,-78,5
-157,-120,3
-79,-95,5
172,166,0
-67,-73,5
-74,-71,5
-173,-171,4
-46,23,2
22,-81,1
11,-70,1
-78,-72,5
-175,-167,4
-168,-175,4
-142,-96,3
30,-70,1
184,177,0
178,172,0
-37,12,2
-78,-75,5
-146,-84,3
190,166,0
-180,-171,4
-70,-84,5
-41,27,2
-171,-77,3
-167,-169,4
-62,-70,5
197,180,0
-57,22,2
-67,-74,5
-167,-172,4
185,184,0
178,169,0
-149,-115,3
28,-97,1
-174,-166,4
-50,17,2
175,165,0
-82,-76,5
179,166,0
172,162,0
-128,-107,3
197,169,0
29,-64,1
-158,-92,3
-57,15,2
-57,31,2
-134,-99,3
30,-70,1
-58,-86,5
18,-77,1
-151,-96,3
-155,-110,3
21,-76,1
13,-78,1
11,-81,1
-142,-88,3
184,159,0
-48,21,2
-58,-64,5
-76,30,2
-138,-102,3
-81,-82,5
28,-78,1
179,181,0
-170,-175,4
189,170,0
-151,-93,3
-175,-176,4
-172,-171,4
28,-57,1
-163,-93,3
-158,-90,3
-166,-173,4
-148,-80,3
-73,-80,5
22,-83,1
174,185,0
180,166,0
-59,18,2
20,-85,1
-155,-110,3
-147,-95,3
-33,15,2
12,-62,1
186,169,0
-35,17,2
-156,-111,3
-173,-177,4
-166,-170,4
25,-84,1
173,168,0
18,-78,1
-73,-88,5
-166,-165,4
-62,-93,5
-169,-167,4
-66,-81,5
-157,-111,3
-170,-171,4
-3,-77,1
-167,-163,4
-45,25,2
172,164,0
-48,8,2
30,-89,1
186,184,0
-155,-106,3
15,-95,1
-31,22,2
11,-72,1
-92,-66,5
27,-79,1
12,-63,1
20,-81,1
-173,-181,4
-39,27,2
-59,39,2
-159,-108,3
-155,-120,3
181,171,0
-68,-80,5
183,147,0
-52,32,2
-72,-109,5
-75,-87,5
-40,14,2
-70,-89,5
173,175,0
-171,-167,4
183,168,0
-85,-82,5
187,177,0
185,169,0
-167,-168,4
-161,-161,4
182,168,0
-74,-93,5
-70,-88,5
187,153,0
-148,-89,3
-56,4,2
14,-79,1
-166,-104,3
166,189,0
-48,30,2
-79,-76,5
-65,-65,5
159,177,0
30,-84,1
178,173,0
7,-81,1
-55,33,2
-164,-107,3
-160,-101,3
178,170,0
-156,-101,3
176,154,0
-148,-111,3
192,168,0
-51,13,2
-79,-70,5
-180,-177,4
196,163,0
-76,-83,5
-153,-93,3
-86,-72,5
-164,-111,3
182,184,0
-44,24,2
-168,-172,4
-81,-70,5
-73,-73,5
-70,-85,5
-170,-164,4
-59,-77,5
-149,-90,3
21,-72,1
-158,-105,3
-76,-88,5
175,179,0
194,181,0
-174,-167,4
194,175,0
-167,-170,4
-74,-79,5
-177,-173,4
-69,-83,5
-79,-69,5
22,-89,1
-168,-168,4
-172,-170,4
21,-96,1
-173,-176,4
-63,37,2
-171,-175,4
-155,-106,3
-56,22,2
182,179,0
-71,-88,5
-59,-80,5
165,162,0
-168,-165,4
-81,-70,5
-82,-82,5
16,-78,1
-167,-173,4
10,-80,1
-146,-98,3
-64,16,2
-71,-66,5
-168,-79,3
-62,-79,5
-174,-171,4
172,179,0
170,172,0
-153,-93,3
-134,-95,3
-174,-165,4
35,-70,1
-82,-88,5
189,181,0
182,160,0
-167,-168,4
39,-78,1
-145,-87,3
-165,-163,4
179,154,0
-62,-78,5
-72,-72,5
-134,-102,3
-72,-72,5
-68,-69,5
-59,-74,5
171,182,0
-172,-174,4
187,154,0
-57,17,2
-58,27,2
-84,-85,5
-82,-65,5
-72,-87,5
-71,-89,5
-172,-166,4
182,175,0
-54,-78,5
-87,-89,5
-127,-110,3
-170,-176,4
19,-83,1
174,152,0
-46,30,2
-61,21,2
-168,-167,4
-79,-77,5
-140,-112,3
-157,-98,3
167,160,0
-42,6,2
11,-71,1
-55,36,2
-167,-164,4
-174,-157,4
-55,-72,5
20,-96,1
182,178,0
-177,-167,4
-4,-58,1
-173,-172,4
-71,-84,5
197,174,0
26,-80,1
-50,16,2
-80,-66,5
-166,-168,4
-44,14,2
181,164,0
-149,-106,3
-76,-86,5
-67,-84,5
19,-68,1
189,161,0
180,168,0
-60,-83,5
166,171,0
22,-96,1
-170,-159,4
-47,20,2
-158,-92,3
-150,-119,3
-62,-75,5
-173,-161,4
17,-85,1
-145,-101,3
-24,18,2
-172,-173,4
-168,-166,4
25,-81,1
-164,-174,4
-48,16,2
-185,-164,4
-175,-171,4
-61,1,2
-168,-112,3
-57,12,2
-51,-72,5
19,-63,1
-173,-162,4
-148,-121,3
-148,-99,3
-138,-104,3
5,-74,1
-58,-83,5
-58,22,2
-72,27,2
-173,-169,4
-135,-109,3
-171,-161,4
-172,-170,4
33,-87,1
-174,-176,4
-165,-85,4
-167,-175,4
-81,-89,5
19,-72,1
-74,-91,5
-56,20,2
-52,22,2
-162,-88,3
-64,-80,5
30,-81,1
-64,17,2
-152,-98,3
-171,-169,4
-141,-87,3
-165,-169,4
-164,-164,4
-47,16,2
28,-87,1
170,176,0
-83,-74,5
22,-65,1
-49,-89,5
27,-76,1
-42,15,2
-130,-98,3
-63,-79,5
-43,27,2
-145,-109,3
22,-97,1
-54,6,2
197,190,0
-128,-96,3
-158,-85,3
-158,-109,3
-153,-115,3
23,-87,1
-76,-83,5
-65,-82,5
-161,-86,3
-90,-81,5
-164,-168,4
-66,-76,5
-144,-116,3
-59,18,2
160,162,0
181,169,0
-97,-103,5
-39,16,2
179,182,0
-158,-97,3
-159,-101,3
165,173,0
-149,-97,3
-56,11,2
192,162,0
167,176,0
4,-78,1
-55,32,2
-42,28,2
-164,-167,4
-148,-89,3
174,171,0
181,164,0
-181,-179,4
-57,-90,5
-52,14,2
179,172,0
-146,-95,3
182,179,0
-167,-169,4
-65,-86,5
-73,-66,5
20,-78,1
-149,-104,3
175,166,0
-143,-97,3
3,-96,1
-47,12,2
-52,27,2
-154,-98,3
-172,-166,4
25,-75,1
-143,-99,3
-79,-75,5
-66,19,2
-134,-106,3
-160,-164,4
168,163,0
-70,-77,5
-43,32,2
-170,-176,4
-50,23,2
-67,-79,5
-82,-89,5
-61,14,2
23,-97,1
18,-76,1
-72,-75,5
-165,-166,4
-178,-173,4
-56,33,2
-73,-85,5
190,180,0
-174,-169,4
-146,-96,3
-78,-87,5
12,-76,1
30,-73,1
-167,-176,4
-39,40,2
-145,-98,3
-68,-89,5
-170,-163,4
-160,-166,4
-142,-112,3
28,-91,1
12,-69,1
-75,-82,5
-84,-95,5
2,-88,1
-160,-93,3
189,180,0
169,158,0
4,-83,1
7,-68,1
18,-90,1
-157,-99,3
-145,-83,3
-81,-79,5
-157,-92,3
188,181,0
-144,-122,3
-44,25,2
19,-73,1
-144,-106,3
-149,-95,3
-159,-99,3
-55,28,2
-55,44,2
188,171,0
-59,15,2
-145,-110,3
-164,-175,4
183,158,0
-61,21,2
-177,-171,4
40,-72,1
10,-78,1
193,182,0
-149,-94,3
-170,-167,4
36,-86,1
-161,-167,4
-62,-79,5
-75,-93,5
-156,-90,3
31,-71,1
-151,-121,3
-67,4,2
12,-77,1
-67,-87,5
-146,-103,3
-145,-135,3
-171,-158,4
-150,-91,3
14,-89,1
-146,-96,3
26,-98,1
187,162,0
-167,-169,4
-162,-88,3
-66,-83,5
-92,-83,5
-69,-88,5
187,182,0
188,160,0
166,170,0
-51,33,2
-146,-81,3
-173,-161,4
28,-92,1
183,171,0
-82,-90,5
-55,25,2
-173,-160,4
-72,-76,5
175,180,0
-168,-176,4
-158,-92,3
171,183,0
-178,-166,4
177,153,0
-76,-91,5
-56,18,2
-168,-157,4
-166,-164,4
-152,-123,3
183,178,0
13,-106,1
-80,-79,5
24,-75,1
-157,-112,3
-169,-176,4
-55,21,2
-154,-99,3
-141,-102,3
-145,-107,3
-165,-178,4
10,-73,1
-180,-170,4
-143,-97,3
-81,-83,5
174,167,0
-151,-92,3
181,187,0
-169,-165,4
35,-95,1
164,160,0
-53,25,2
179,172,0
-48,-85,5
-148,-101,3
-165,-172,4
-75,-88,5
-74,-86,5
-39,27,2
-46,9,2
-88,-92,5
175,158,0
-161,-122,3
-136,-77,3
-171,-168,4
10,-79,1
-60,32,2
12,-77,1
19,-87,1
170,169,0
-148,-92,3
-79,-83,5
-168,-169,4
-159,-165,4
194,173,0
-51,9,2
189,164,0
-135,-80,3
47,-68,1
-149,-107,3
-58,13,2
-146,-98,3
-70,-72,5
-166,-171,4
-177,-170,4
-76,-73,5
33,-72,1
185,168,0
172,184,0
-166,-76,3
-145,-101,3
-160,-91,3
-142,-89,3
-61,-73,5
-175,-175,4
40,-75,1
-162,-105,3
-72,-77,5
-158,-174,4
7,-62,1
11,-72,1
-176,-175,4
-155,-176,4
182,169,0
-133,-102,3
-52,10,2
12,-74,1
-64,-83,5
-74,-75,5
39,-62,1
12,-71,1
-164,-169,4
-81,-86,5
-31,23,2
-61,9,2
-47,19,2
-165,-94,3
-171,-171,4
-135,-109,3
-134,-84,3
177,147,0
-68,25,2
23,-103,1
-174,-170,4
16,-82,1
182,147,0
180,163,0
-165,-100,3
-43,22,2
-57,-94,5
-43,27,2
-79,-83,5
-175,-170,4
-71,-71,5
-168,-174,4
-65,-73,5
-153,-127,3
-174,-179,4
-48,22,2
17,-76,1
-65,-62,5
162,186,0
12,-72,1
-57,-73,5
-80,-97,5
-43,35,2
-84,-85,5
189,168,0
160,156,0
-77,-73,5
-176,-167,4
-75,-75,5
-70,-83,5
-167,-91,3
27,-70,1
-172,-170,4
-63,-86,5
-161,-104,3
-59,-63,5
-71,25,2
31,-77,1
-76,-85,5
-42,19,2
-176,-169,4
-45,15,2
-148,-117,3
-166,-167,4
-67,-96,5
-148,-97,3
-55,-82,5
177,181,0
-37,9,2
-168,-173,4
-58,16,2
184,183,0
16,-72,1
-40,13,2
-168,-108,3
-175,-168,4
29,-76,1
-47,15,2
-68,-78,5
-66,-73,5
-77,-78,5
-171,-173,4
-73,-83,5
-87,-107,5
-161,-165,4
-67,-72,5
20,-77,1
-171,-166,4
-158,-89,3
-33,11,2
-75,-72,5
-169,129,4
192,170,0
166,181,0
-168,-173,4
-144,-89,3
-149,-113,3
-50,9,2
-49,-87,5
-36,22,2
-173,-164,4
178,179,0
172,177,0
176,164,0
17,-83,1
40,-71,1
-183,-170,4
-68,-66,5
-169,-173,4
176,159,0
-66,-87,5
17,-67,1
22,-78,1
-62,-84,5
-162,-171,4
-150,-104,3
-174,-170,4
-139,-120,3
13,-83,1
23,-87,1
9,-79,1
-67,-83,5
-170,-93,3
183,172,0
185,184,0
-47,14,2
11,-86,1
196,158,0
-174,-163,4
-148,-98,3
-69,-70,5
-66,19,2
-172,-172,4
-57,-71,5
-47,33,2
178,193,0
-57,27,2
-36,22,2
35,-73,1
-169,-86,3
26,-73,1
191,179,0
19,-82,1
-159,-90,3
-45,36,2
195,158,0
-66,-68,5
165,157,0
-33,26,2
-166,-164,4
-173,-176,4
167,161,0
168,166,0
17,-84,1
-57,20,2
-137,-94,3
20,-85,1
-49,21,2
-80,-79,5
180,183,0
27,-95,1
-139,-92,3
-147,-100,3
174,176,0
192,167,0
31,-77,1
-166,-174,4
17,-73,1
181,169,0
-44,21,2
-155,-85,3
-125,-92,3
-85,-74,5
-56,28,2
-44,2,2
-144,-108,3
198,176,0
-162,-95,3
-51,20,2
8,-102,1
183,174,0
187,171,0
21,-95,1
-171,-170,4
-149,-88,3
-169,-180,4
-169,-167,4
180,193,0
13,-51,1
-175,-174,4
-175,-177,4
22,-70,1
-168,-165,4
-67,-76,5
30,-82,1
-148,-95,3
-66,-86,5
22,-77,1
174,160,0
169,175,0
-92,-67,5
14,-60,1
6,-83,1
7,-76,1
173,173,0
-156,-110,3
-153,-89,3
-175,-168,4
-62,30,2
-63,27,2
-72,-74,5
169,159,0
189,171,0
-64,37,2
14,-79,1
-36,30,2
-63,-101,5
-149,-104,3
2,-85,1
-169,-171,4
-172,-162,4
-66,13,2
15,-84,1
180,160,0
31,-80,1
-150,-104,3
174,165,0
-136,-97,3
-72,-108,5
-159,-166,4
178,170,0
-154,-95,3
-161,-104,3
-58,-95,5
-71,-86,5
-149,-86,3
181,167,0
-44,16,2
158,176,0
19,-83,1
179,168,0
-44,-2,2
13,-76,1
170,190,0
-166,-168,4
-161,-171,4
-151,-80,3
154,29,2
-171,-173,4
-79,-69,5
180,155,0
-148,-111,3
-172,-171,4
16,-72,1
-60,12,2
-55,-1,2
12,-92,1
41,-79,1
-76,-73,5
-68,-78,5
28,-78,1
-73,-75,5
-65,12,2
-70,-69,5
-33,28,2
-56,-74,5
27,-87,1
19,-67,1
-52,10,2
-42,15,2
-81,-81,5
16,-74,1
-178,-176,4
-67,-90,5
-57,-72,5
13,-66,1
-64,10,2
12,-94,1
-64,-101,5
-55,-97,5
-64,-82,5
20,-85,1
-165,-175,4
10,-76,1
-92,-73,5
-65,22,2
-155,-107,3
169,188,0
-44,18,2
-62,28,2
16,-102,1
8,-81,1
-171,-172,4
188,175,0
13,-83,1
10,-63,1
181,175,0
-62,32,2
-163,-175,4
18,-69,1
182,181,0
186,-89,3
-172,-176,4
-80,-87,5
192,169,0
180,172,0
-46,35,2
-34,9,2
-146,-105,3
170,182,0
-51,20,2
-55,20,2
-167,-169,4
-43,-63,5
-159,-107,3
-171,-173,4
-87,-84,5
17,-92,1
-79,-78,5
22,-70,1
15,-95,1
-71,-74,5
-51,24,2
25,-93,1
-58,-76,5
-163,-174,4
10,-75,1
20,-96,1
-54,31,2
-59,19,2
-73,36,2
184,177,0
10,-75,1
-145,-111,3
184,173,0
175,162,0
-154,-83,3
24,-96,1
-145,-110,3
-168,-171,4
-61,21,2
-156,-174,4
-156,-105,3
22,-84,1
-171,-171,4
-53,25,2
184,150,0
-168,-173,4
180,172,0
-59,32,2
-166,-94,3
-143,-85,3
35,-102,1
-38,35,2
-61,-71,5
-154,-106,3
162,176,0
-52,26,2
-56,-69,5
-62,-76,5
-157,-103,3
-74,-90,5
-168,-168,4
-67,-76,5
191,172,0
-173,-167,4
-28,3,2
-77,-71,5
-45,33,2
11,-81,1
-76,-85,5
-77,-90,5
-82,-98,5
-41,-3,2
35,-89,1
33,-102,1
-64,-65,5
-174,-174,4
130,-176,4
-61,18,2
32,-83,1
16,-87,1
182,175,0
-3,-73,1
-82,-67,5
-43,7,2
-47,21,2
35,-83,1
-44,22,2
29,-73,1
-60,-69,5
186,185,0
172,161,0
189,161,0
25,-86,1
9,-76,1
-51,16,2
-55,25,2
-84,-80,5
-50,-69,5
36,-100,1
-54,8,2
-172,-171,4
-165,-170,4
182,173,0
-162,-170,4
15,-83,1
-169,-171,4
24,-96,1
-170,-169,4
31,-82,1
-50,17,2
-160,-99,3
-85,-81,5
-153,-92,3
-38,6,2
-167,-83,3
-131,-100,3
31,-74,1
10,-82,1
-163,-170,4
-138,-118,3
180,166,0
181,172,0
-68,-85,5
176,172,0
165,164,0
-60,11,2
-32,14,2
-153,-102,3
164,170,0
-73,-85,5
-45,40,2
168,189,0
-161,-110,3
9,-87,1
195,151,0
-178,-174,4
10,-98,1
-164,-167,4
-160,-171,4
-145,-87,3
-147,-102,3
-162,-100,3
-91,-81,5
-138,-92,3
171,164,0
-171,-165,4
-142,-98,3
-67,-97,5
28,-82,1
179,173,0
-139,-94,3
174,175,0
157,184,0
24,-63,1
188,193,0
-50,16,2
186,191,0
18,-82,1
-75,3,2
-48,20,2
-166,-97,3
-38,30,2
-61,-85,5
42,-72,1
-152,-93,3
-58,28,2
173,177,0
173,174,0
-64,-70,5
21,-82,1
-143,-102,3
186,173,0
-66,-83,5
21,-81,1
-58,12,2
172,169,0
22,-55,1
170,170,0
-64,13,2
-59,-77,5
-152,-84,3
-54,9,2
-154,-91,3
-16,-91,1
-164,-86,3
182,173,0
178,183,0
30,-75,1
12,-72,1
4,-73,1
-146,-98,3
-134,-88,3
-56,12,2
-176,-179,4
-171,-177,4
17,-84,1
-175,-178,4
-147,-100,3
172,192,0
-71,-94,5
-53,17,2
-159,-106,3
-38,13,2
-169,-179,4
-160,-175,4
-163,-169,4
-60,-77,5
-178,-166,4
-56,12,2
198,185,0
19,-59,1
2,-88,1
19,-80,1
-145,-97,3
-168,-172,4
171,178,0
176,172,0
-154,-111,3
-168,-170,4
192,160,0
-157,-104,3
-75,-80,5
34,-69,1
195,170,0
-40,27,2
-76,-85,5
-77,-77,5
-176,-169,4
-45,13,2
-77,-75,5
-50,30,2
176,170,0
-180,-173,4
191,184,0
-59,32,2
-169,-173,4
-175,-165,4
-59,19,2
-167,-175,4
-170,-167,4
-53,10,2
-180,-172,4
-49,25,2
-50,15,2
-175,-166,4
189,161,0
21,-87,1
182,172,0
185,175,0
178,180,0
-172,-175,4
-42,29,2
195,181,0
-150,-96,3
170,161,0
-39,12,2
192,176,0
19,-85,1
186,177,0
-45,14,2
-180,-170,4
-53,10,2
-50,38,2
37,-68,1
-152,-110,3
-163,-171,4
167,164,0
178,164,0
-86,10,2
22,-87,1
-131,-97,3
-54,19,2
-57,33,2
-48,30,2
-50,39,2
-37,21,2
-153,-101,3
-170,-162,4
-161,-106,3
175,188,0
-50,-2,2
-83,-80,5
23,-82,1
-54,15,2
28,-78,1
184,157,0
-167,-169,4
-151,-105,3
-154,-100,3
-174,-169,4
7,-84,1
-154,-109,3
-149,-90,3
-143,-103,3
-166,-173,4
-175,-167,4
-168,-162,4
184,180,0
16,-80,1
-76,-87,5
-82,-82,5
-148,-96,3
-173,-171,4
-160,-171,4
-171,-175,4
-73,-77,5
-146,-88,3
-163,-96,3
-60,12,2
-59,-3,2
177,159,0
-59,21,2
18,-64,1
-73,-88,5
-152,-89,3
-174,-175,4
15,-93,1
-34,24,2
-73,-88,5
-166,-166,4
17,-71,1
59,-68,1
-51,17,2
-174,-170,4
-139,-106,3
-172,-162,4
-51,26,2
-168,-167,4
-59,-77,5
5,-73,1
46,-87,1
-168,-165,4
188,169,0
-169,-168,4
-167,-163,4
-173,-167,4
-163,-171,4
-171,-166,4
164,159,0
-81,-75,5
-159,-105,3
-148,-115,3
-172,-169,4
9,-101,1
-145,-98,3
-164,-172,4
-165,-170,4
180,169,0
-53,24,2
-86,-61,5
173,159,0
29,-75,1
-141,-95,3
-158,-117,3
-59,13,2
-161,-174,4
186,187,0
12,-72,1
-63,-74,5
-51,12,2
183,164,0
-159,-104,3
-151,-100,3
-166,-177,4
188,179,0
-58,-66,5
-70,7,2
-159,-170,4
-168,-165,4
-137,-123,3
-58,-88,5
23,-84,1
5,-85,1
-52,13,2
-60,8,2
172,154,0
184,188,0
21,-80,1
-75,-76,5
-66,-80,5
-167,-165,4
-174,-164,4
-39,31,2
27,-64,1
26,-72,1
-174,-175,4
-165,-168,4
-140,-106,3
-40,10,2
-81,-101,5
-169,-167,4
-169,-171,4
-81,-83,5
-162,-169,4
22,-44,1
182,181,0
-173,-161,4
-88,-84,5
-143,-109,3
-63,-80,5
-86,-88,5
-149,-108,3
-150,-104,3
-69,-67,5
18,-89,1
-181,-171,4
-61,-76,5
-83,-65,5
-45,23,2
-46,5,2
-167,-172,4
167,168,0
-170,-173,4
-58,-79,5
-46,18,2
-56,-86,5
-167,-176,4
173,166,0
174,152,0
-32,20,2
-172,-176,4
-61,26,2
-48,14,2
30,-80,1
-173,-164,4
-134,-108,3
-63,33,2
-60,-79,5
-157,-173,4
-167,-170,4
-53,20,2
22,-74,1
-170,-172,4
-133,-101,3
19,-79,1
-133,-113,3
-49,20,2
-57,-84,5
-51,24,2
-73,-81,5
11,-78,1
23,-77,1
164,161,0
181,164,0
-69,-74,5
16,-73,1
-64,23,2
-58,-61,5
-58,-79,5
-55,7,2
-50,1,2
-69,-72,5
170,181,0
-146,-119,3
-147,-96,3
-62,-78,5
25,-76,1
-160,-174,4
32,-84,1
-45,19,2
-59,27,2
167,180,0
-168,-170,4
-37,25,2
-148,-97,3
192,188,0
-140,-94,3
173,161,0
-159,-96,3
7,-76,1
-50,20,2
18,-67,1
-148,-85,3
164,157,0
26,-94,1
-75,-72,5
-155,-103,3
-170,-105,3
-67,-67,5
-63,23,2
-46,-6,2
-138,-81,3
172,163,0
-53,-72,5
174,157,0
168,171,0
40,-74,1
-148,-107,3
-171,-174,4
-67,-62,5
-170,-178,4
-67,-92,5
175,171,0
-67,-78,5
-53,19,2
-78,-97,5
-52,-73,5
-47,35,2
176,190,0
-155,-94,3
-78,-75,5
-70,-79,5
187,160,0
197,183,0
167,-83,1
-174,-168,4
18,-54,1
-170,-172,4
-51,21,2
-75,-88,5
24,-70,1
-50,34,2
190,176,0
-134,-112,3
-173,-171,4
32,-69,1
-147,-107,3
-73,-85,5
194,180,0
16,-83,1
-57,23,2
-29,18,2
176,167,0
-154,-109,3
-162,-118,3
-143,-94,3
-71,-84,5
-159,-106,3
-61,-72,5
25,-78,1
-172,-174,4
-172,-168,4
188,173,0
-56,-7,2
27,-73,1
-59,-82,5
-46,14,2
-87,-72,5
170,165,0
-45,27,2
-173,-158,4
-149,-92,3
192,179,0
-67,20,2
-179,-167,4
175,174,0
-170,-107,3
-163,-106,3
177,171,0
-66,-73,5
-146,-91,3
-153,-91,3
-57,-82,5
-55,9,2
-52,-92,5
-158,-110,3
-74,-77,5
-151,-87,3
-162,-165,4
-66,-88,5
-170,-173,4
180,168,0
22,-96,1
-34,24,2
24,-85,1
-173,-168,4
-160,-115,3
-64,-78,5
-135,-94,3
-165,-176,4
10,-73,1
-168,-177,4
-50,28,2
-62,-82,5
-52,15,2
32,-82,1
179,197,0
188,179,0
13,-69,1
184,166,0
-149,-90,3
-169,-172,4
-54,32,2
-173,-179,4
168,165,0
193,183,0
-51,-95,5
-42,1,2
-57,33,2
-68,-80,5
-56,37,2
175,181,0
-74,-85,5
-78,-89,5
26,-51,1
-67,43,2
-49,26,2
-62,-98,5
20,-90,1
-148,-108,3
-153,-106,3
-78,-102,5
-44,28,2
23,-88,1
-138,-106,3
-56,14,2
173,159,0
18,-78,1
-153,-114,3
-72,-93,5
185,184,0
-133,-83,3
-78,-72,5
4,-56,1
-46,15,2
-50,17,2
-164,-85,3
38,-93,1
-68,-86,5
180,175,0
47,-88,1
-168,-166,4
19,-74,1
-167,-170,4
-144,-87,3
-69,-92,5
-63,-66,5
-81,-94,5
-164,-166,4
-60,28,2
-56,-82,5
19,-77,1
167,167,0
35,-89,1
-165,-175,4
-78,-87,5
25,-82,1
-173,-163,4
31,-73,1
-50,10,2
26,-87,1
24,-76,1
-146,-86,3
178,162,0
29,-70,1
-67,-57,5
-80,-89,5
-144,-96,3
-80,-89,5
199,158,0
-55,13,2
21,-78,1
169,159,0
189,175,0
-173,-172,4
-70,-92,5
-46,24,2
-164,-173,4
25,-99,1
-163,-167,4
-51,18,2
-145,-101,3
-139,-106,3
36,-83,1
-68,-79,5
-137,-90,3
-53,0,2
-132,-108,3
-167,-170,4
-169,-170,4
23,-93,1
-93,-82,5
-61,14,2
-71,-78,5
175,176,0
-159,-111,3
-173,-175,4
-47,25,2
27,-105,1
-61,-72,5
-60,23,2
-164,-169,4
-169,-178,4
-174,-166,4
-164,-176,4
-73,-82,5
-162,-114,3
-177,-173,4
-169,-168,4
-46,26,2
180,177,0
190,141,0
-53,13,2
-172,-177,4
-42,12,2
-169,-164,4
-48,19,2
186,180,0
-54,32,2
24,-78,1
182,179,0
159,168,0
-46,18,2
-176,-168,4
-53,-82,5
3,-91,1
171,184,0
16,-92,1
-49,24,2
-134,-89,3
-45,34,2
-164,-102,3
27,-66,1
163,162,0
-175,-173,4
-150,-99,3
-164,-164,4
7,-84,1
-170,-174,4
-179,-166,4
-162,-170,4
-151,-115,3
-166,-174,4
-79,-85,5
14,-85,1
-175,-171,4
-71,-88,5
20,-84,1
175,162,0
30,-87,1
-175,-181,4
27,-81,1
-53,26,2
-163,-109,3
-54,29,2
176,156,0
190,163,0
173,151,0
-51,-5,2
191,173,0
-63,-86,5
185,175,0
-142,-97,3
175,168,0
183,169,0
-137,-103,3
189,164,0
27,-90,1
-165,-184,4
-170,-174,4
-148,-104,3
-148,-89,3
28,-72,1
-165,-166,4
-54,-78,5
-34,19,2
-88,-73,5
-142,-88,3
-173,-179,4
-58,-74,5
4,-104,1
-173,-172,4
-167,-172,4
-82,-85,5
-169,-174,4
-186,-174,4
-169,-178,4
-143,-94,3
-36,25,2
9,-76,1
20,-88,1
-169,-174,4
-75,-81,5
-82,-87,5
176,167,0
-63,29,2
-49,7,2
184,162,0
-167,-160,4
178,181,0
-143,-100,3
166,189,0
-172,-168,4
-175,-170,4
185,173,0
-179,-166,4
-152,-105,3
172,172,0
27,-69,1
11,-81,1
15,-87,1
-157,-106,3
196,182,0
30,-91,1
-67,-84,5
170,183,0
187,181,0
-173,-161,4
-169,-176,4
-147,-103,3
-54,28,2
7,-71,1
-177,-165,4
-186,-173,4
34,-72,1
-39,53,2
-170,-172,4
-166,-165,4
191,169,0
-160,-99,3
177,150,0
183,177,0
186,169,0
169,174,0
6,-83,1
-142,-104,3
-45,16,2
-161,-173,4
183,172,0
-70,-79,5
-154,-120,3
-54,32,2
-64,-109,5
-72,-92,5
179,179,0
2,-82,1
175,182,0
-72,-62,5
-172,-168,4
-54,13,2
-173,-166,4
176,185,0
181,160,0
-72,-92,5
-69,-86,5
19,-71,1
173,159,0
-79,-80,5
-54,-90,5
-44,11,2
-130,-94,3
-144,-91,3
-49,7,2
-73,-80,5
-168,-158,4
172,195,0
-175,-95,3
11,-84,1
-167,-173,4
-45,26,2
-174,-167,4
174,181,0
-152,-114,3
-169,-173,4
-150,-94,3
183,170,0
-138,-89,3
-137,-95,3
-142,-109,3
193,178,0
-52,11,2
-169,-91,3
186,184,0
186,196,0
-51,14,2
-55,-76,5
-164,-101,3
181,178,0
-168,-94,3
172,170,0
-137,-91,3
-172,-168,4
-42,29,2
32,-89,1
-50,14,2
33,-71,1
-166,-176,4
-62,-75,5
-166,-161,4
174,188,0
11,-80,1
-60,-5,2
-61,-69,5
-139,-84,3
-180,-164,4
-169,-175,4
-173,-170,4
20,-100,1
-41,9,2
-63,9,2
192,157,0
-140,-95,3
-76,-79,5
15,-90,1
19,-97,1
-63,-66,5
6,-89,1
-148,-90,3
-159,-109,3
-168,-165,4
-156,-98,3
-172,-169,4
-170,-173,4
16,-77,1
-155,-93,3
5,-75,1
188,184,0
169,157,0
185,177,0
20,-82,1
-171,-165,4
-162,-96,3
-61,9,2
-73,-78,5
-70,-74,5
165,172,0
-57,23,2
-83,-66,5
-87,-89,5
19,-80,1
-70,-69,5
-150,-100,3
181,178,0
-153,-90,3
-135,-99,3
-156,-84,3
-77,-93,5
31,-81,1
186,170,0
-71,4,2
-136,-107,3
-58,-66,5
-42,20,2
-151,-106,3
-64,-83,5
-163,-164,4
29,-82,1
18,-79,1
-50,21,2
-139,-112,3
7,-108,1
175,163,0
-177,-176,4
-178,-184,4
-177,-168,4
23,-68,1
-69,-87,5
-72,-83,5
-160,-109,3
-43,27,2
-77,-90,5
-170,-176,4
-75,-69,5
188,181,0
-77,-87,5
187,173,0
177,164,0
173,183,0
-149,-80,3
-180,-174,4
20,-78,1
-38,22,2
32,-78,1
21,-72,1
-79,-70,5
19,-94,1
-175,-166,4
28,-104,1
-48,32,2
-153,-93,3
-175,-166,4
22,-75,1
-77,-84,5
-79,-91,5
-169,-163,4
-168,-111,3
-153,-172,4
14,-64,1
-71,-63,5
-173,-178,4
-60,37,2
31,-91,1
-169,-170,4
-146,-116,3
11,-98,1
-172,-168,4
-74,-83,5
-158,-117,3
22,-81,1
-53,-70,5
-42,14,2
36,-73,1
-81,-79,5
-155,-87,3
-56,15,2
184,184,0
14,-90,1
-75,-72,5
182,152,0
7,-75,1
-47,24,2
-163,-169,4
-178,-170,4
-62,-75,5
-71,-88,5
185,168,0
-4,-77,1
-71,-86,5
-185,-170,4
28,-63,1
30,-92,1
-126,-106,3
187,165,0
-143,-103,3
-69,-80,5
-51,17,2
-60,30,2
-155,-116,3
-162,-178,4
190,165,0
-38,32,2
-153,-113,3
-39,18,2
10,-94,1
-173,-170,4
-144,-110,3
-150,-104,3
-153,-88,3
-157,-104,3
-147,-83,3
-165,-175,4
174,167,0
10,-89,1
-61,25,2
-169,-173,4
-181,-176,4
-72,-71,5
174,183,0
-155,-109,3
-35,13,2
-176,-171,4
-78,-73,5
189,181,0
-42,4,2
-72,-94,5
-169,-172,4
-48,7,2
-134,-97,3
-66,-83,5
-73,-70,5
194,172,0
-170,-159,4
21,-94,1
192,178,0
17,-79,1
182,174,0
-40,-2,2
-46,31,2
-81,-71,5
-78,-93,5
-66,20,2
-59,18,2
-79,-77,5
-153,-103,3
-51,35,2
174,151,0
15,-63,1
-168,-173,4
178,171,0
-71,-84,5
-70,-78,5
-55,-85,5
-124,-111,3
-163,-170,4
-78,-76,5
-53,-53,5
-154,-102,3
-172,-165,4
-96,-67,5
-177,-166,4
23,-86,1
25,-96,1
-54,10,2
31,-95,1
180,181,0
-128,-92,3
-67,-78,5
-176,-169,4
-167,-167,4
174,158,0
-54,26,2
-177,-175,4
12,-77,1
38,-93,1
-175,-168,4
-36,23,2
-45,27,2
-166,-180,4
-74,-80,5
182,156,0
23,-74,1
-154,-103,3
24,-78,1
190,167,0
166,164,0
-81,-81,5
-160,-87,3
-170,-163,4
-66,17,2
-65,25,2
-166,-170,4
-141,-98,3
-36,20,2
21,-69,1
-159,-108,3
-165,-176,4
-74,-71,5
-172,-179,4
-137,-97,3
-43,10,2
-139,-104,3
-167,-107,3
168,174,0
29,-107,1
-48,15,2
-69,22,2
-135,-94,3
21,-85,1
-32,10,2
12,-77,1
194,168,0
-161,-175,4
-50,-66,5
-46,6,2
159,164,0
-156,-121,3
-74,-72,5
-166,-175,4
25,-85,1
184,160,0
22,-71,1
-40,6,2
