X,Y,GRUP
166,181,0
22,-74,1
-153,-107,3
191,176,0
-156,-97,3
7,-72,1
10,-64,1
174,156,0
-162,-102,3
-131,-98,3
177,155,0
-165,-163,4
-165,-169,4
-149,-107,3
-178,-177,4
-141,-109,3
-163,-81,3
-171,-171,4
-170,-90,3
-163,-97,3
-136,-92,3
-167,-167,4
-173,-165,4
-51,23,2
-152,-91,3
-43,-4,2
16,-69,1
-171,-168,4
-167,-171,4
179,178,0
-47,10,2
41,-86,1
182,185,0
-155,-92,3
21,-71,1
-171,-172,4
-153,-98,3
-143,-92,3
-144,-87,3
181,183,0
-62,17,2
-170,-164,4
16,-84,1
-30,19,2
-50,25,2
-138,-105,3
-144,-99,3
15,-82,1
6,-103,1
-176,-170,4
-164,-173,4
-163,-171,4
34,-73,1
-167,-178,4
-31,32,2
22,-70,1
-49,35,2
-146,-103,3
-173,-169,4
199,171,0
-139,-96,3
15,-90,1
25,-92,1
-54,25,2
-146,-109,3
-173,-174,4
-165,-168,4
-167,-169,4
-46,25,2
-61,12,2
-173,-175,4
23,-73,1
174,181,0
-168,-172,4
-44,22,2
27,-79,1
-35,5,2
28,-79,1
11,-89,1
2,-92,1
-158,-102,3
-145,-109,3
-163,-169,4
-143,-112,3
-66,25,2
171,175,0
178,171,0
-170,-175,4
186,136,0
-132,-110,3
-44,32,2
-52,33,2
162,169,0
-158,-100,3
-48,24,2
-167,-167,4
-51,8,2
38,-65,1
-137,-94,3
174,180,0
-166,-173,4
186,158,0
-142,-88,3
-45,38,2
-52,19,2
-164,-82,3
176,164,0
9,-88,1
-169,-165,4
-174,-168,4
24,-84,1
-46,31,2
-72,38,2
-50,9,2
-167,-164,4
-53,17,2
199,180,0
-164,-102,3
-169,-179,4
198,168,0
-181,-171,4
-151,-104,3
5,-90,1
-56,38,2
-176,-176,4
-134,-106,3
-175,-173,4
189,157,0
-72,31,2
-62,28,2
-150,-89,3
-164,-165,4
-169,-175,4
12,-69,1
16,-78,1
24,-81,1
170,159,0
-154,-99,3
186,179,0
-49,24,2
-159,-169,4
-155,-108,3
24,-83,1
-147,-113,3
-152,-94,3
-167,-167,4
-148,-92,3
-7,-69,1
14,-75,1
-51,12,2
20,-77,1
183,171,0
-46,14,2
-156,-104,3
186,160,0
-40,14,2
43,-79,1
187,182,0
-59,33,2
25,-94,1
183,145,0
24,-85,1
-173,-180,4
33,-86,1
181,182,0
16,-80,1
183,175,0
170,167,0
-172,-175,4
176,170,0
-179,-116,3
183,173,0
13,-100,1
-172,-171,4
-178,-177,4
-170,-169,4
23,-80,1
-126,-115,3
-36,5,2
182,168,0
31,-73,1
-148,-114,3
-163,-114,3
46,-95,1
-67,27,2
-144,-104,3
-176,-172,4
-39,7,2
190,158,0
-172,-167,4
-54,19,2
-179,-174,4
164,164,0
-174,-174,4
39,-74,1
165,175,0
178,168,0
18,-87,1
-162,-175,4
176,180,0
172,170,0
-81,21,2
166,176,0
181,180,0
11,-86,1
180,178,0
-155,-100,3
-152,-97,3
29,-81,1
-55,26,2
29,-97,1
166,166,0
-177,-167,4
22,-87,1
196,161,0
-159,-83,3
29,-68,1
-151,-95,3
187,174,0
-68,8,2
14,-84,1
17,-79,1
-54,33,2
-160,-109,3
17,-68,1
-2,-86,1
-162,-102,3
-145,-116,3
168,169,0
25,-83,1
-51,8,2
-39,13,2
-50,31,2
-172,-171,4
-166,-169,4
179,175,0
25,-104,1
-63,8,2
-55,15,2
-162,-162,4
-51,40,2
-56,-11,2
181,162,0
-50,9,2
189,182,0
8,-90,1
13,-88,1
-139,-87,3
-179,-174,4
196,184,0
-65,1,2
-41,26,2
-152,-97,3
-175,-164,4
-59,31,2
169,169,0
33,-90,1
-156,-102,3
-169,-104,3
19,-88,1
-175,-177,4
-170,-176,4
-171,-103,3
-142,-89,3
15,-79,1
21,-75,1
192,169,0
185,173,0
178,155,0
-148,-84,3
-38,25,2
173,167,0
39,-86,1
-135,-80,3
-56,6,2
-164,-91,3
10,-89,1
-136,-94,3
-147,-107,3
-61,8,2
28,-92,1
19,-65,1
-164,-78,3
-129,-105,3
-173,-175,4
19,-105,1
-167,-170,4
-153,-105,3
13,-92,1
-172,-171,4
181,182,0
35,-67,1
-69,13,2
-59,40,2
-172,-167,4
-163,-164,4
-46,1,2
178,180,0
21,-91,1
-166,-170,4
179,178,0
-132,-86,3
4,-75,1
183,183,0
-173,-169,4
-35,20,2
166,177,0
-176,-179,4
-150,-108,3
28,-71,1
-150,-86,3
-151,-114,3
29,-80,1
-150,-112,3
-50,22,2
173,165,0
196,187,0
30,-63,1
-156,-103,3
-167,-170,4
-55,19,2
17,-82,1
31,-89,1
-164,-170,4
-146,-103,3
2,-98,1
-166,-171,4
190,178,0
26,-78,1
176,166,0
160,179,0
-59,18,2
160,156,0
20,-72,1
173,158,0
-172,-171,4
184,171,0
-148,-116,3
-159,-110,3
-161,-92,3
178,168,0
9,-85,1
9,-72,1
-150,-83,3
-167,-173,4
-170,-165,4
183,145,0
9,-79,1
192,162,0
171,163,0
7,-86,1
-166,-167,4
-155,-87,3
-171,-181,4
-48,19,2
-158,-89,3
-167,-168,4
14,-78,1
-177,-165,4
-141,-94,3
-151,-87,3
-176,-162,4
34,-87,1
-175,-174,4
-45,18,2
15,-60,1
-147,-103,3
-171,-180,4
186,160,0
190,176,0
-64,24,2
-152,-108,3
-165,-105,3
18,-86,1
148,174,0
24,-86,1
23,-94,1
-172,-178,4
170,169,0
171,182,0
-146,-107,3
-147,-89,3
-145,-105,3
11,-67,1
-172,-176,4
14,-89,1
185,171,0
163,179,0
17,-88,1
-168,-179,4
-54,27,2
187,178,0
-167,-169,4
174,164,0
-172,-167,4
-58,23,2
-44,25,2
-145,-89,3
-64,27,2
-155,-111,3
-152,-106,3
-44,13,2
19,-80,1
-144,-99,3
36,-80,1
-43,18,2
19,-95,1
163,178,0
24,-86,1
22,-80,1
28,-84,1
-163,-164,4
-62,15,2
-160,-89,3
-165,-176,4
-53,14,2
169,161,0
-40,4,2
-171,-166,4
22,-84,1
-32,25,2
-156,-165,4
17,-80,1
-38,28,2
-138,-75,3
7,-89,1
28,-93,1
185,163,0
-146,-115,3
187,175,0
-163,-164,4
184,152,0
-143,-119,3
35,-88,1
-50,46,2
-140,-90,3
177,165,0
-141,-88,3
18,-92,1
176,146,0
-179,-167,4
-39,17,2
-175,-170,4
178,150,0
10,-76,1
-164,-120,3
-51,14,2
-132,-108,3
-171,-174,4
185,176,0
-175,-178,4
191,174,0
162,162,0
-172,-179,4
-49,22,2
-172,-171,4
-148,-114,3
-166,-164,4
-44,27,2
-152,-84,3
-149,-103,3
161,162,0
168,168,0
191,184,0
-141,-111,3
-142,-101,3
-165,-81,3
179,178,0
-167,-95,3
-147,-101,3
-145,-105,3
188,160,0
-69,35,2
3,-85,1
183,192,0
-57,25,2
6,-77,1
-141,-94,3
192,182,0
-143,-91,3
4,-64,1
-156,-96,3
-153,-94,3
16,-94,1
19,-79,1
-172,-166,4
26,-89,1
24,-83,1
179,175,0
-40,24,2
-50,15,2
-30,22,2
-165,-166,4
192,162,0
-169,-178,4
-141,-97,3
-153,-91,3
197,166,0
-162,-177,4
24,-97,1
-176,-174,4
-157,-107,3
194,169,0
-45,24,2
-152,-89,3
184,171,0
173,165,0
-171,-171,4
180,156,0
24,-84,1
155,156,0
160,171,0
-173,-174,4
183,166,0
-65,28,2
-135,-101,3
13,-71,1
183,172,0
-168,-173,4
185,179,0
-171,-170,4
-163,-167,4
20,-77,1
-146,-107,3
25,-78,1
182,181,0
10,-80,1
-166,-166,4
165,159,0
-149,-107,3
-158,-95,3
180,173,0
-156,-107,3
-50,192,0
-168,-171,4
195,156,0
166,176,0
172,177,0
-173,-166,4
14,-96,1
30,-84,1
-143,-100,3
177,166,0
198,174,0
-53,47,2
-54,18,2
22,-74,1
-51,-2,2
-54,11,2
21,-87,1
-56,28,2
3,-79,1
194,175,0
22,-76,1
-166,-172,4
41,-72,1
27,-70,1
-54,20,2
-52,13,2
27,-74,1
30,-80,1
-46,26,2
-49,34,2
-55,5,2
-41,7,2
164,175,0
-173,-169,4
184,163,0
29,-83,1
27,-88,1
-156,-105,3
-27,7,2
-43,12,2
-176,-174,4
-142,-96,3
12,-93,1
-40,13,2
-172,-173,4
-46,27,2
-155,-92,3
-178,-167,4
14,-90,1
18,-86,1
-171,-165,4
12,-85,1
185,154,0
-51,9,2
-143,-88,3
-173,-169,4
-166,-168,4
-171,-171,4
26,-76,1
-45,18,2
-162,-96,3
9,-83,1
31,-79,1
-51,19,2
-36,18,2
39,-82,1
-60,29,2
-61,20,2
-146,-100,3
-60,21,2
-37,12,2
190,163,0
-156,-84,3
-139,-115,3
-168,-169,4
172,168,0
26,-92,1
-157,-173,4
191,171,0
182,172,0
-171,-173,4
-50,16,2
174,153,0
173,153,0
12,-73,1
-146,-136,3
177,180,0
-59,3,2
180,173,0
171,177,0
-161,-101,3
178,178,0
184,161,0
174,165,0
-151,-91,3
198,168,0
35,-72,1
8,-77,1
179,163,0
190,186,0
30,-86,1
-169,-169,4
-164,-112,3
-167,-170,4
-155,-103,3
-126,-102,3
-56,29,2
-171,-175,4
-177,-172,4
-176,-172,4
21,-66,1
-161,-92,3
-179,-172,4
30,-85,1
167,178,0
173,171,0
185,166,0
188,182,0
-168,-169,4
-162,-103,3
182,167,0
181,182,0
22,-71,1
180,176,0
-124,-101,3
187,178,0
11,-65,1
-167,-166,4
-175,-170,4
188,148,0
174,164,0
179,176,0
171,153,0
176,173,0
27,-99,1
-52,12,2
192,157,0
-174,-175,4
-120,-100,3
173,165,0
-172,-101,3
26,-76,1
-165,-99,3
13,-84,1
-145,-95,3
-47,28,2
189,163,0
191,168,0
182,167,0
-56,22,2
-45,32,2
18,-59,1
-165,-178,4
-153,-102,3
20,-84,1
178,172,0
-173,-102,3
33,-84,1
24,-69,1
-149,-96,3
177,176,0
-154,-93,3
-44,26,2
-171,-170,4
-20,16,2
-139,-98,3
-169,-168,4
184,160,0
-144,-81,3
34,-86,1
-177,-171,4
-158,-105,3
5,-69,1
-139,-90,3
-169,-181,4
-138,-79,3
163,166,0
5,-76,1
181,185,0
181,177,0
-45,16,2
-163,-169,4
-44,30,2
157,188,0
-36,-5,2
9,-69,1
-151,-105,3
31,-73,1
-167,-158,4
-178,-171,4
-149,-104,3
-172,-171,4
-67,28,2
-176,-162,4
35,-73,1
14,-90,1
-171,-172,4
0,-74,1
-165,-102,3
-169,-171,4
-153,-99,3
-40,24,2
-26,30,2
194,176,0
24,-97,1
-59,21,2
-66,20,2
173,178,0
11,-72,1
-140,-113,3
21,-85,1
-144,-94,3
197,154,0
-156,-173,4
27,-82,1
-49,44,2
-43,17,2
-49,19,2
-30,21,2
10,-79,1
-149,-117,3
-135,-93,3
187,169,0
32,-82,1
1,-99,1
18,-87,1
169,171,0
19,-84,1
197,159,0
45,-83,1
-44,14,2
-179,-175,4
-177,-172,4
-168,-172,4
17,-73,1
177,158,0
-30,32,2
-159,-97,3
-129,-96,3
-169,-170,4
194,172,0
22,-107,1
-57,8,2
24,-78,1
-41,26,2
-158,-101,3
170,167,0
-149,-91,3
179,171,0
2,-90,1
-162,-93,3
186,167,0
3,-85,1
-57,28,2
-177,-167,4
33,-83,1
-148,-100,3
-45,36,2
19,-91,1
174,183,0
19,-83,1
-176,-169,4
-46,25,2
23,-84,1
-60,32,2
-174,-169,4
-166,-167,4
-169,-169,4
-48,10,2
-167,-167,4
184,185,0
18,-84,1
21,-77,1
-148,-83,3
-170,-181,4
-136,-95,3
-31,26,2
-163,-169,4
-168,-171,4
180,186,0
-53,25,2
-137,-90,3
-49,34,2
179,171,0
165,183,0
174,183,0
-151,-92,3
11,-73,1
-156,-99,3
-171,-172,4
9,-75,1
-143,-106,3
11,-73,1
-173,-175,4
170,106,0
-175,-94,3
-172,-165,4
186,165,0
2,-70,1
-157,-80,3
174,175,0
-153,-116,3
-159,-91,3
35,-108,1
-35,20,2
177,172,0
186,183,0
181,171,0
180,188,0
-60,30,2
-148,-84,3
34,-70,1
-170,-119,3
12,-52,1
-164,-114,3
-55,30,2
-50,11,2
181,177,0
-50,5,2
-171,-167,4
182,180,0
-164,-175,4
-145,-90,3
-147,-99,3
16,-63,1
-138,-92,3
-168,-176,4
-51,20,2
-155,-87,3
-171,-166,4
184,154,0
-62,11,2
16,-90,1
17,-70,1
10,-96,1
29,-80,1
172,161,0
-171,-157,4
3,-95,1
26,-77,1
-168,-166,4
-37,34,2
190,191,0
33,-66,1
193,176,0
-58,10,2
-144,-86,3
191,171,0
16,-75,1
-145,-98,3
-163,-165,4
185,167,0
25,-82,1
-42,24,2
-69,12,2
-132,-112,3
-169,-168,4
172,154,0
-173,-169,4
174,160,0
-157,-87,3
-176,-173,4
-164,-177,4
165,139,0
-170,-177,4
1,-87,1
-174,-171,4
-155,-100,3
6,-96,1
-167,-176,4
186,182,0
-144,-88,3
-152,-91,3
189,176,0
186,157,0
-152,-104,3
188,161,0
164,162,0
-154,-101,3
181,165,0
-151,-86,3
-173,-171,4
191,162,0
-154,-102,3
29,-64,1
-149,-117,3
9,-72,1
180,167,0
180,146,0
184,173,0
31,-86,1
189,186,0
14,-79,1
29,-96,1
-160,-93,3
-53,29,2
-168,-173,4
30,-79,1
191,173,0
-169,-175,4
188,166,0
175,172,0
-161,-174,4
179,168,0
-170,-91,3
185,181,0
-171,-172,4
-157,-110,3
187,177,0
190,173,0
162,174,0
-170,-167,4
182,168,0
186,160,0
-53,13,2
-151,-95,3
-155,-93,3
-169,-166,4
-159,-171,4
-175,-179,4
188,167,0
16,-75,1
-56,19,2
184,169,0
-131,-109,3
-166,-164,4
-168,-167,4
-61,22,2
189,157,0
-35,8,2
-42,26,2
19,-71,1
-173,-168,4
180,180,0
-159,-97,3
175,182,0
-55,28,2
-59,31,2
-175,-169,4
-50,20,2
23,-94,1
-171,-166,4
-41,14,2
-147,-112,3
-152,-109,3
-41,41,2
186,181,0
-170,-176,4
178,152,0
162,175,0
185,175,0
198,169,0
-141,-86,3
-170,-167,4
11,-66,1
186,148,0
10,-50,1
-164,-104,3
-154,-92,3
-175,-164,4
-158,-101,3
-166,-167,4
-167,-172,4
-168,-170,4
193,167,0
-144,-101,3
24,-83,1
18,-79,1
32,-76,1
4,-68,1
15,-67,1
-137,-83,3
-43,19,2
-139,-110,3
-41,3,2
188,165,0
184,167,0
-135,-94,3
167,167,0
-166,-96,3
38,-93,1
-157,-125,3
185,166,0
172,186,0
29,-90,1
-161,-175,4
14,-88,1
29,-77,1
-164,-172,4
171,163,0
9,-69,1
-149,-117,3
-62,21,2
-65,19,2
188,162,0
23,-76,1
6,-82,1
-65,3,2
-173,-161,4
18,-81,1
-166,-167,4
-46,6,2
-57,14,2
-138,-80,3
-174,-171,4
12,-89,1
175,187,0
-57,22,2
-138,-104,3
-166,-170,4
27,-94,1
-168,-166,4
17,-77,1
193,184,0
32,-69,1
-143,-82,3
-42,35,2
-160,-105,3
-165,-164,4
-173,-163,4
-43,23,2
-169,-106,3
-161,-170,4
-172,-171,4
183,169,0
176,181,0
-171,-169,4
-68,18,2
175,157,0
-167,-99,3
-141,-107,3
-44,25,2
165,171,0
-179,-172,4
-173,-96,3
28,-78,1
-175,-165,4
33,-67,1
171,170,0
18,-73,1
-159,-97,3
-172,-167,4
187,169,0
-144,-98,3
21,-68,1
181,178,0
-170,-170,4
-128,-78,3
-167,-171,4
-137,-100,3
26,-88,1
-166,-165,4
-147,-110,3
-174,-168,4
-173,-167,4
-166,-173,4
15,-76,1
-157,-165,4
-155,-88,3
187,165,0
-172,-171,4
-152,-102,3
40,-93,1
-168,-169,4
-170,-167,4
-56,29,2
173,169,0
180,167,0
176,178,0
3,-78,1
38,-92,1
190,168,0
183,191,0
32,-92,1
-56,20,2
-53,19,2
-61,19,2
-48,17,2
-170,-169,4
-59,29,2
174,172,0
-171,-171,4
-150,-94,3
-141,-109,3
-44,21,2
191,163,0
175,147,0
180,157,0
-44,12,2
-42,10,2
11,-94,1
-167,-173,4
-173,-171,4
-179,-170,4
26,-84,1
-165,-168,4
-44,22,2
28,-69,1
26,-93,1
-166,-165,4
-57,26,2
30,-99,1
26,-95,1
21,-75,1
-51,18,2
-173,-174,4
34,-103,1
-167,-165,4
-173,-182,4
-139,-110,3
20,-84,1
-162,-173,4
-163,-173,4
34,-79,1
-163,-95,3
-144,-82,3
-171,-174,4
-133,-74,3
-41,18,2
-166,-168,4
-64,14,2
-50,3,2
28,-62,1
10,-93,1
-167,-106,3
-171,-177,4
-174,-171,4
184,161,0
-148,-80,3
-57,16,2
-166,-168,4
195,169,0
31,-85,1
-177,-171,4
-37,16,2
-130,-101,3
-161,-169,4
175,179,0
-54,7,2
-137,-91,3
-41,29,2
168,183,0
30,-81,1
19,-78,1
-167,-177,4
36,-81,1
-52,24,2
170,177,0
27,-88,1
-145,-121,3
190,163,0
-137,-104,3
-173,-175,4
-169,-171,4
-166,-173,4
26,-75,1
34,-79,1
26,-80,1
-170,-161,4
-78,20,2
-174,-173,4
168,158,0
-173,-163,4
-162,-165,4
24,-67,1
-170,-165,4
179,168,0
-53,18,2
181,149,0
13,-81,1
12,-78,1
-135,-105,3
179,180,0
-167,-170,4
-129,-103,3
-57,15,2
-153,-121,3
-171,-170,4
27,-69,1
163,167,0
161,187,0
-47,13,2
-54,24,2
-138,-94,3
-169,-170,4
-49,38,2
-61,14,2
181,173,0
185,170,0
28,-69,1
-163,-88,3
-178,-169,4
12,-61,1
-162,-95,3
-162,-98,3
175,188,0
-55,20,2
6,-78,1
-168,-176,4
15,-99,1
188,177,0
-154,-96,3
13,-81,1
176,157,0
-158,-117,3
5,-67,1
-50,26,2
-169,-171,4
-149,-105,3
20,-81,1
-61,27,2
22,-79,1
186,167,0
-49,15,2
29,-90,1
186,167,0
23,-75,1
160,177,0
-168,-166,4
-147,-86,3
165,175,0
-31,31,2
-56,11,2
190,182,0
17,-63,1
-165,-173,4
-127,-94,3
29,-77,1
190,181,0
186,169,0
27,-72,1
-159,-95,3
-138,-104,3
189,173,0
-65,20,2
-153,-165,4
-52,13,2
-153,-93,3
-173,-168,4
-55,37,2
-40,20,2
-36,4,2
171,176,0
14,-85,1
-159,-101,3
-51,19,2
-147,-111,3
-162,-174,4
21,-88,1
-153,-114,3
-43,36,2
-168,-171,4
198,167,0
-40,2,2
33,-82,1
-149,-112,3
-165,-163,4
20,-64,1
186,192,0
176,167,0
184,-56,0
168,171,0
-134,-115,3
167,166,0
-149,-112,3
-153,-95,3
-168,-166,4
186,176,0
-171,-172,4
-146,-93,3
191,175,0
-47,3,2
-173,-164,4
19,-83,1
25,-77,1
-167,-171,4
27,-77,1
167,166,0
-145,-113,3
-54,41,2
-42,16,2
17,-58,1
-174,-170,4
-168,-176,4
16,-73,1
183,171,0
181,180,0
-177,-156,4
-160,-98,3
-167,-171,4
-46,14,2
16,-67,1
-180,-170,4
-59,43,2
-46,30,2
-169,-174,4
-174,-168,4
-138,-105,3
-169,-169,4
21,-87,1
23,-65,1
189,157,0
176,166,0
-48,17,2
-38,42,2
21,-74,1
-48,30,2
170,171,0
-177,-163,4
-55,9,2
25,-66,1
-170,-175,4
-149,-92,3
-139,-96,3
-64,5,2
23,-82,1
-181,-89,3
167,165,0
-145,-100,3
27,-60,1
-46,39,2
-173,-167,4
178,174,0
-160,-183,4
-178,-175,4
-154,-83,3
-174,-167,4
-179,-171,4
-50,-13,2
-161,-165,4
-169,-162,4
-158,-91,3
-26,17,2
32,-82,1
-171,-172,4
-160,-103,3
-168,-175,4
-59,15,2
30,-70,1
-58,32,2
16,-75,1
177,158,0
-155,-110,3
176,171,0
-56,32,2
-67,16,2
185,158,0
177,173,0
-164,-174,4
25,-98,1
-51,11,2
-160,-161,4
183,187,0
186,180,0
-141,-88,3
-173,-165,4
-165,-106,3
179,163,0
-145,-106,3
185,155,0
-56,35,2
-174,-174,4
171,165,0
-154,-84,3
189,165,0
171,189,0
-163,-100,3
-143,-110,3
-174,-164,4
-142,-90,3
182,175,0
21,-70,1
-142,-92,3
27,-78,1
-139,-109,3
179,146,0
173,167,0
-167,-170,4
-158,-107,3
-137,-96,3
-162,-158,4
-154,-105,3
-52,15,2
-168,-169,4
30,-90,1
175,176,0
-170,-175,4
-157,-97,3
25,-65,1
28,-88,1
-148,-94,3
-168,-161,4
-181,-169,4
-180,-171,4
-154,-87,3
32,-88,1
37,-99,1
4,-76,1
-167,-176,4
23,-84,1
-159,-90,3
-158,-101,3
-79,4,2
-143,-109,3
-49,17,2
189,171,0
177,175,0
25,-81,1
190,154,0
-59,17,2
28,-79,1
-163,-170,4
19,-96,1
-172,-176,4
178,167,0
174,167,0
184,180,0
-46,27,2
-42,13,2
-47,27,2
15,-87,1
-36,16,2
13,-81,1
-137,-91,3
-172,-102,3
-170,-176,4
18,-77,1
181,165,0
167,176,0
-143,-97,3
-167,-107,3
-172,-173,4
-49,36,2
-45,31,2
27,-74,1
-118,-92,3
18,-74,1
-169,-170,4
24,-67,1
-176,-171,4
-42,37,2
25,-79,1
-39,6,2
-163,-95,3
-44,28,2
-163,-86,3
-56,12,2
-142,-111,3
-169,-104,3
-46,19,2
-60,17,2
-173,-166,4
-169,-171,4
-161,-109,3
-172,-166,4
-159,-99,3
-166,-175,4
-164,-93,3
-169,-160,4
-173,-81,3
29,-91,1
33,-88,1
-24,14,2
175,171,0
-52,38,2
162,167,0
-179,-166,4
187,174,0
-170,-174,4
173,177,0
-141,-111,3
183,181,0
16,-70,1
-46,41,2
24,-92,1
-57,7,2
-169,-168,4
18,-58,1
192,174,0
-159,-85,3
39,-86,1
-39,4,2
17,-88,1
-141,-113,3
5,-56,1
-163,-174,4
-131,-104,3
-49,18,2
-50,25,2
-3,-90,1
168,169,0
-59,20,2
-38,12,2
-38,22,2
6,-72,1
-54,40,2
-165,-164,4
-164,-174,4
-165,-168,4
-48,16,2
194,162,0
-163,-169,4
-51,26,2
29,-81,1
-152,-108,3
-171,-172,4
-158,-97,3
187,153,0
-168,-164,4
189,175,0
-156,-93,3
30,-79,1
-177,-93,3
34,-68,1
-39,18,2
-46,17,2
-168,-169,4
-49,8,2
183,156,0
15,-74,1
167,174,0
-54,35,2
-53,25,2
-159,-172,4
194,167,0
184,189,0
-153,-120,3
-186,-176,4
15,-81,1
173,189,0
-41,34,2
-153,-99,3
-178,-161,4
-173,-168,4
-174,-178,4
160,166,0
23,-87,1
183,163,0
-63,8,2
12,-73,1
19,-88,1
17,-84,1
13,-82,1
-36,29,2
18,-86,1
-43,24,2
-158,-161,4
-58,15,2
-152,-83,3
178,179,0
14,-87,1
8,-77,1
176,171,0
-170,-167,4
-142,-103,3
32,-77,1
-163,-172,4
-57,17,2
170,180,0
194,169,0
18,-97,1
178,155,0
28,-80,1
-169,-170,4
7,-90,1
165,168,0
-172,-172,4
-64,16,2
-39,39,2
24,-97,1
-56,36,2
-171,-98,3
161,172,0
13,-88,1
-51,28,2
-51,17,2
-169,-166,4
183,178,0
14,-93,1
-124,-93,3
31,-89,1
30,-94,1
188,172,0
-164,-168,4
-62,13,2
9,-87,1
181,170,0
-46,18,2
28,-88,1
-152,-73,3
12,-73,1
27,-77,1
-167,-112,3
186,173,0
-135,-109,3
19,-72,1
-56,10,2
163,169,0
-177,-166,4
-155,-102,3
-41,31,2
-153,-102,3
-153,-103,3
177,170,0
197,166,0
-184,-162,4
-168,-167,4
169,178,0
179,184,0
-131,-114,3
183,158,0
-164,-169,4
13,-64,1
15,-83,1
191,153,0
-47,25,2
186,169,0
-173,-167,4
-175,-168,4
18,-69,1
-68,-12,2
-46,25,2
-172,-166,4
2,-87,1
-141,-102,3
14,-67,1
-167,-163,4
-62,23,2
178,161,0
19,-81,1
-141,-99,3
174,183,0
30,-75,1
170,170,0
159,170,0
-174,-169,4
-71,36,2
176,162,0
27,-78,1
-170,-174,4
-55,14,2
-51,21,2
-177,-168,4
183,166,0
-57,15,2
-171,-168,4
182,171,0
38,-92,1
-172,-176,4
25,-70,1
-174,-164,4
182,177,0
-146,-90,3
-176,-173,4
-53,11,2
0,-88,1
-175,-174,4
-147,-106,3
-163,-90,3
-143,-124,3
-40,27,2
-165,-166,4
193,167,0
-167,-180,4
24,-100,1
-150,-112,3
5,-91,1
-71,42,2
187,173,0
20,-71,1
-57,17,2
181,176,0
29,-72,1
181,174,0
6,-88,1
-28,3,2
-164,-168,4
-173,-172,4
-50,16,2
23,-80,1
-31,35,2
180,154,0
-57,15,2
199,173,0
-145,-99,3
-143,-99,3
-167,-172,4
38,-85,1
-145,-82,3
166,172,0
31,-90,1
-42,13,2
180,174,0
-50,40,2
179,160,0
-68,-143,2
-174,-179,4
-151,-107,3
-139,-113,3
188,149,0
185,174,0
-47,19,2
160,159,0
-163,-106,3
-172,-176,4
190,173,0
-51,18,2
-61,-14,2
-163,-172,4
44,-80,1
-25,20,2
-171,-171,4
176,169,0
176,155,0
167,175,0
-71,14,2
-134,-117,3
23,-62,1
33,-78,1
-160,-171,4
10,-85,1
-167,-173,4
-147,-124,3
-162,-181,4
-161,-168,4
-165,-174,4
-149,-91,3
-56,13,2
184,162,0
-151,-111,3
-55,12,2
172,183,0
-53,1,2
35,-82,1
182,161,0
-170,-174,4
-170,-163,4
-39,25,2
-40,12,2
-55,38,2
-175,-179,4
-174,-161,4
194,167,0
-131,-108,3
-150,-103,3
-179,-170,4
28,-76,1
-139,-104,3
-52,10,2
-164,-86,3
19,-85,1
-173,-180,4
-177,-174,4
-38,14,2
-144,-106,3
-168,-165,4
9,-71,1
179,179,0
-166,-166,4
-177,-172,4
26,-95,1
-171,-95,3
-153,-90,3
-149,-95,3
-160,-92,3
-157,-98,3
-148,-98,3
179,164,0
-166,-172,4
-65,8,2
24,-79,1
-170,-181,4
16,-77,1
20,-74,1
-51,6,2
163,177,0
-161,-172,4
21,-85,1
182,171,0
-158,-102,3
181,152,0
33,-87,1
25,-64,1
-162,-118,3
183,184,0
-154,-87,3
-172,-178,4
175,163,0
171,167,0
15,-83,1
-163,-169,4
17,-80,1
-169,-170,4
185,163,0
-50,20,2
-165,-168,4
-48,27,2
-54,13,2
-148,-111,3
-167,-167,4
181,171,0
183,156,0
-167,-165,4
-153,-114,3
-44,0,2
-167,-171,4
-168,-175,4
179,153,0
-60,16,2
34,-72,1
-164,-174,4
-138,-100,3
-174,-181,4
-171,-162,4
-50,29,2
29,-90,1
-54,12,2
-169,-173,4
-167,-174,4
-44,24,2
184,181,0
9,-76,1
35,-62,1
-142,-110,3
22,-71,1
13,-69,1
-154,-117,3
-179,-175,4
-66,32,2
-175,-168,4
-167,-172,4
-144,-73,3
13,-95,1
-156,-117,3
-151,-106,3
-49,29,2
-61,19,2
-51,27,2
194,181,0
-145,-115,3
-179,-172,4
-59,10,2
38,-88,1
-143,-101,3
-59,21,2
-134,-110,3
-56,21,2
179,166,0
-169,-169,4
-151,-105,3
-159,-87,3
-51,25,2
-47,25,2
171,175,0
194,176,0
-168,-167,4
193,174,0
190,172,0
186,167,0
-161,-104,3
26,-90,1
-55,26,2
189,168,0
169,167,0
-178,-109,3
195,173,0
-172,-163,4
14,-90,1
0,-65,1
25,-68,1
-175,-177,4
189,174,0
-47,19,2
175,180,0
186,169,0
-174,-168,4
8,-84,1
-151,-96,3
-172,-160,4
-56,10,2
-173,-164,4
-166,-102,3
-49,16,2
15,-86,1
184,157,0
20,-87,1
-138,-89,3
-162,-110,3
177,187,0
20,-81,1
-146,-107,3
181,168,0
-180,-175,4
26,-68,1
21,-82,1
-146,-113,3
18,-74,1
-173,-173,4
11,-94,1
-40,26,2
169,172,0
-164,-174,4
-145,-108,3
-58,1,2
12,-68,1
-142,-120,3
-157,-86,3
18,-78,1
-44,28,2
23,-84,1
-49,11,2
-129,-102,3
-167,-164,4
-173,-93,3
-137,-91,3
194,170,0
24,-73,1
-170,-165,4
-177,-167,4
-161,-169,4
159,163,0
-184,-165,4
-168,-167,4
22,-75,1
-160,-109,3
-39,4,2
172,159,0
-36,26,2
-169,-169,4
29,-80,1
-149,-105,3
-51,24,2
188,150,0
-165,-171,4
-169,-176,4
-44,33,2
155,177,0
-162,-82,3
-141,-103,3
-167,-175,4
187,167,0
-171,-170,4
195,174,0
-172,-89,3
-58,30,2
-159,-89,3
-162,-82,3
18,-74,1
24,-75,1
-46,16,2
-65,31,2
-178,-165,4
-173,-167,4
-46,43,2
31,-81,1
-36,29,2
14,-75,1
-141,-105,3
-173,-169,4
-35,14,2
194,168,0
-153,-117,3
-49,29,2
-168,-168,4
-50,26,2
6,-105,1
-174,-177,4
-179,-171,4
189,151,0
185,169,0
194,173,0
-166,-172,4
-61,23,2
-58,29,2
184,162,0
187,157,0
-151,-104,3
178,173,0
183,158,0
-150,-110,3
-152,-93,3
-48,29,2
-154,-104,3
-169,-103,3
-174,-164,4
-155,-88,3
-143,-94,3
185,161,0
-158,-167,4
-61,25,2
-172,-167,4
185,150,0
-49,21,2
17,-83,1
-150,-103,3
-147,-111,3
183,163,0
192,160,0
182,172,0
190,178,0
-170,-177,4
182,174,0
-41,17,2
-43,38,2
-171,-178,4
10,-71,1
-40,27,2
-154,-104,3
177,157,0
-172,-170,4
-49,-2,2
-145,-97,3
-174,-162,4
-64,16,2
-174,-167,4
31,-83,1
-167,-177,4
-173,-158,4
35,-61,1
-164,-173,4
-144,-102,3
-142,-101,3
-154,-101,3
-46,19,2
-154,-106,3
-155,-107,3
-145,-86,3
-149,-110,3
185,152,0
-182,-169,4
-140,-99,3
168,166,0
-39,29,2
-165,-106,3
166,162,0
189,174,0
-174,-172,4
12,-63,1
20,-79,1
-52,26,2
-35,23,2
-44,6,2
-145,-99,3
12,-71,1
-164,-166,4
170,172,0
-49,30,2
25,-78,1
19,-81,1
-171,-171,4
191,169,0
-164,-169,4
179,154,0
-177,-171,4
-41,8,2
20,-99,1
-172,-170,4
166,170,0
181,187,0
-170,-172,4
-33,12,2
188,168,0
-153,-106,3
-50,27,2
-164,-102,3
177,177,0
-167,-176,4
-49,29,2
189,180,0
14,-63,1
187,172,0
-43,40,2
168,136,0
-58,18,2
-165,-169,4
21,-91,1
-162,-110,3
175,165,0
170,174,0
-156,-96,3
-151,-101,3
-162,-80,3
20,-89,1
194,182,0
-54,21,2
-162,-105,3
-157,-105,3
26,-78,1
-154,-106,3
9,-75,1
7,-69,1
-167,-170,4
-169,-169,4
-43,3,2
3,-80,1
-159,-88,3
-167,-171,4
-162,-104,3
-59,16,2
19,-66,1
182,180,0
17,-83,1
-166,-167,4
191,161,0
-60,22,2
-149,-105,3
27,-78,1
22,-83,1
40,-79,1
6,-88,1
181,164,0
-48,10,2
-44,5,2
-153,-95,3
-150,-107,3
-40,4,2
184,169,0
-176,-176,4
-178,-170,4
-174,-167,4
29,-70,1
-167,-165,4
169,171,0
-139,-95,3
-178,-171,4
-44,17,2
-49,25,2
-173,-164,4
-58,12,2
-171,-85,3
-150,-95,3
-52,11,2
-145,-104,3
-149,-103,3
23,-88,1
28,-70,1
-174,-171,4
28,-71,1
-151,-96,3
-150,-105,3
188,168,0
-36,26,2
158,168,0
-173,-177,4
194,163,0
175,183,0
170,187,0
184,158,0
183,174,0
-44,-5,2
-37,16,2
162,172,0
-44,27,2
-64,-6,2
-153,-113,3
184,165,0
14,-92,1
179,165,0
-48,17,2
183,165,0
-44,24,2
-145,-108,3
-45,4,2
15,-88,1
-63,24,2
-140,-102,3
-54,13,2
-163,-169,4
-173,-168,4
-172,-175,4
186,167,0
-140,-89,3
-151,-109,3
-51,20,2
-66,34,2
-59,2,2
16,-61,1
-170,-179,4
178,180,0
33,-76,1
-177,-173,4
165,161,0
-35,4,2
29,-76,1
-170,-170,4
176,169,0
-146,-105,3
-34,28,2
164,178,0
183,156,0
178,174,0
180,169,0
198,167,0
-47,30,2
183,187,0
177,33,2
-149,-114,3
-42,34,2
-143,-92,3
-141,-102,3
172,170,0
16,-80,1
-44,16,2
172,172,0
195,170,0
31,-71,1
-180,-167,4
-166,-104,3
26,-74,1
2,-78,1
-172,-174,4
12,-102,1
191,177,0
-56,15,2
-178,-167,4
-180,-182,4
10,-85,1
186,156,0
-48,12,2
-53,22,2
-173,-174,4
-165,-84,3
-37,23,2
-59,8,2
-150,-97,3
-75,35,2
-47,17,2
-152,-104,3
-126,-101,3
197,169,0
-178,-164,4
29,-82,1
177,160,0
190,167,0
18,-99,1
11,-63,1
-181,-169,4
21,-67,1
-150,-114,3
181,164,0
-141,-99,3
184,170,0
-143,-107,3
187,167,0
182,178,0
-142,-90,3
-39,17,2
-47,32,2
188,159,0
21,-92,1
178,179,0
35,-73,1
-173,-170,4
167,167,0
-149,-101,3
183,177,0
-174,-175,4
25,-74,1
159,167,0
177,166,0
20,-71,1
-167,-167,4
-165,-90,3
178,180,0
-47,16,2
35,-91,1
32,-69,1
190,174,0
-173,-167,4
14,-81,1
27,-55,1
-176,-170,4
35,-67,1
-44,19,2
38,-86,1
-40,18,2
-48,31,2
-172,-178,4
195,156,0
-184,-97,3
167,167,0
187,162,0
-60,35,2
-43,8,2
28,-81,1
187,174,0
-167,-171,4
-11,-73,1
38,-81,1
8,-62,1
-167,-168,4
-47,0,2
-136,-102,3
176,161,0
-170,-175,4
-170,-169,4
-165,-169,4
-44,32,2
-177,-169,4
-166,-165,4
179,161,0
-54,29,2
26,-77,1
-175,-170,4
154,180,0
183,168,0
-133,-103,3
29,-92,1
-173,-163,4
-169,-171,4
20,-94,1
15,-90,1
-48,25,2
-170,-165,4
-144,-98,3
29,-75,1
15,-86,1
-151,-101,3
-160,-112,3
-168,-168,4
-142,-102,3
-53,26,2
-65,9,2
-175,-167,4
35,-84,1
11,-62,1
-43,37,2
-61,0,2
176,156,0
-125,-84,3
-170,-175,4
-166,-171,4
-50,17,2
21,-80,1
166,161,0
-134,-106,3
-67,16,2
14,-64,1
21,-93,1
31,-65,1
20,-69,1
22,-75,1
12,-71,1
185,171,0
-134,-100,3
30,-78,1
178,164,0
-163,-162,4
16,-70,1
6,-58,1
-48,9,2
-169,-170,4
184,185,0
23,-74,1
38,-78,1
-59,12,2
-176,-164,4
186,170,0
-49,18,2
170,163,0
-143,-87,3
42,-85,1
170,174,0
-172,-165,4
-174,-92,3
-158,-96,3
-70,26,2
195,154,0
-54,26,2
-39,19,2
-169,-166,4
-129,-108,3
187,162,0
175,170,0
-42,18,2
-149,-91,3
-165,-167,4
170,179,0
182,177,0
-57,5,2
174,168,0
178,176,0
172,168,0
-166,-171,4
173,163,0
-174,-173,4
-51,30,2
184,173,0
-45,14,2
-166,-172,4
-146,-81,3
-60,30,2
-42,24,2
-50,7,2
-179,-171,4
22,-77,1
29,-71,1
-53,7,2
-54,20,2
198,171,0
-167,-175,4
176,154,0
-155,-90,3
-160,-97,3
-50,5,2
-163,-103,3
-153,-122,3
-149,-107,3
16,-74,1
-159,-94,3
-34,23,2
-172,-181,4
-154,-89,3
191,174,0
24,-93,1
-150,-92,3
-169,-103,3
192,176,0
186,188,0
7,-60,1
-152,-110,3
-138,-94,3
-139,-104,3
194,177,0
-165,-102,3
-169,-167,4
-176,-174,4
15,-79,1
-159,-172,4
171,167,0
186,149,0
-143,-111,3
-169,-166,4
13,-61,1
-173,-173,4
26,-71,1
-74,15,2
-40,14,2
-40,29,2
-177,-112,3
-51,14,2
22,-83,1
-172,-181,4
-54,5,2
-151,-111,3
23,-65,1
179,160,0
-165,65,4
12,-86,1
182,164,0
193,166,0
191,170,0
-76,3,2
-140,-93,3
169,160,0
178,172,0
-165,-169,4
177,166,0
35,-94,1
-154,-84,3
32,-76,1
-162,-106,3
-157,-79,3
-171,-161,4
-173,-169,4
-155,-94,3
173,179,0
-170,-167,4
-158,-176,4
167,185,0
36,-81,1
-164,-170,4
14,-76,1
-176,-169,4
17,-75,1
10,-94,1
-171,-171,4
177,190,0
170,177,0
-53,35,2
-159,-169,4
-168,-165,4
24,-92,1
-167,-168,4
174,151,0
174,157,0
196,151,0
192,175,0
1,-89,1
-150,-100,3
-165,-100,3
26,-94,1
181,175,0
-56,11,2
-176,-170,4
184,156,0
-61,11,2
188,176,0
-48,-4,2
-58,22,2
164,173,0
-170,-171,4
-155,-90,3
11,-94,1
-153,-109,3
-40,33,2
190,178,0
-56,29,2
187,185,0
6,-89,1
-171,-174,4
-43,2,2
-171,-169,4
174,163,0
-137,-91,3
183,174,0
-171,-165,4
190,188,0
-131,-98,3
-175,-168,4
189,166,0
-50,40,2
-172,-173,4
-166,-170,4
10,-101,1
19,-82,1
-36,13,2
28,-89,1
27,-98,1
-45,32,2
14,-72,1
39,-86,1
179,181,0
-53,17,2
-144,-116,3
-55,17,2
36,-76,1
179,186,0
-156,-101,3
-164,-168,4
-54,11,2
-157,-163,4
23,-59,1
13,-83,1
190,172,0
191,161,0
-171,-170,4
184,179,0
-175,-169,4
197,167,0
-162,-170,4
-142,-105,3
-175,-168,4
28,-99,1
-48,12,2
-162,-165,4
-172,-168,4
-157,-92,3
-165,-167,4
-170,-166,4
-161,-82,3
182,160,0
-41,11,2
-172,-171,4
-67,17,2
-143,-106,3
23,-72,1
165,174,0
-133,-112,3
-165,-165,4
18,-86,1
18,-66,1
-39,14,2
185,186,0
-47,28,2
-166,-166,4
180,171,0
187,163,0
-47,13,2
-166,-171,4
18,-97,1
-179,-170,4
-50,17,2
-150,-94,3
-49,26,2
6,-78,1
-65,38,2
169,167,0
1,-79,1
-22,16,2
-35,30,2
-138,-100,3
169,167,0
7,-74,1
-164,-170,4
-143,-106,3
-165,-172,4
9,-104,1
188,172,0
-58,28,2
-62,15,2
-168,-167,4
-155,-92,3
184,171,0
-158,-97,3
-153,-110,3
-139,-108,3
167,155,0
-161,-176,4
-167,-171,4
190,174,0
179,170,0
-171,-176,4
181,157,0
-66,19,2
-49,14,2
-52,-1,2
-174,-170,4
-45,24,2
-164,-170,4
-169,-163,4
-45,23,2
-163,-170,4
-159,-87,3
-173,-166,4
-150,-84,3
23,-84,1
33,-66,1
-174,-166,4
-147,-78,3
-163,-92,3
-152,-92,3
-142,-95,3
178,161,0
18,-88,1
-55,16,2
188,177,0
-149,-103,3
23,-75,1
182,184,0
-137,-114,3
27,-94,1
-55,13,2
25,-78,1
181,162,0
177,170,0
196,155,0
189,165,0
-144,-94,3
-151,-87,3
-65,18,2
190,167,0
-24,27,2
21,-70,1
194,185,0
19,-67,1
177,189,0
-46,9,2
-161,-97,3
179,189,0
-170,-168,4
-58,35,2
24,-82,1
-43,22,2
8,-79,1
-55,18,2
-165,-167,4
20,-83,1
-51,24,2
174,188,0
-151,-111,3
-167,-169,4
160,179,0
170,161,0
26,-75,1
-180,-177,4
-171,-169,4
-49,18,2
187,167,0
-53,12,2
-172,-172,4
-160,-85,3
25,-77,1
-172,-171,4
-135,-110,3
-136,-90,3
-182,-177,4
185,169,0
21,-71,1
-147,-89,3
176,174,0
-157,-104,3
-165,-165,4
29,-78,1
-177,-174,4
19,-94,1
172,163,0
10,-82,1
175,177,0
-149,-95,3
-168,-171,4
-174,-166,4
-54,22,2
-44,24,2
-163,-120,3
39,-71,1
-178,-167,4
-69,36,2
-46,18,2
27,-74,1
11,-61,1
-132,-80,3
-168,-171,4
5,-76,1
-166,-165,4
-39,3,2
-54,26,2
-171,-163,4
5,-67,1
-46,18,2
178,166,0
-151,-114,3
-54,25,2
-65,23,2
-52,34,2
26,-78,1
-48,4,2
-168,-166,4
-170,-176,4
-61,11,2
-72,21,2
-170,-176,4
-157,-85,3
-171,-170,4
19,-70,1
-152,-99,3
176,165,0
16,-80,1
-161,-103,3
-61,29,2
174,184,0
-48,26,2
-49,15,2
-56,18,2
-55,22,2
26,-81,1
-176,-166,4
181,156,0
28,-83,1
-43,14,2
178,170,0
-156,-114,3
29,-81,1
-174,-180,4
194,161,0
26,-95,1
-44,12,2
181,174,0
-48,35,2
193,166,0
-154,-102,3
-161,-112,3
165,171,0
-66,29,2
32,-78,1
174,160,0
-142,-113,3
22,-95,1
168,162,0
18,-87,1
-157,-100,3
-47,25,2
-63,21,2
-172,-179,4
183,179,0
18,-87,1
-153,-93,3
40,-86,1
183,174,0
14,-54,1
-42,21,2
173,181,0
-157,-94,3
13,-62,1
-167,-93,3
-161,-175,4
-75,24,2
-173,-176,4
-43,21,2
-176,-174,4
185,175,0
-160,-96,3
-168,-164,4
-45,33,2
-59,24,2
-175,-168,4
178,186,0
-163,-165,4
-46,22,2
-143,-116,3
-142,-103,3
-158,-95,3
-163,-166,4
176,169,0
190,172,0
193,164,0
178,155,0
11,-79,1
196,187,0
154,167,0
27,-61,1
-60,26,2
-44,5,2
-171,-171,4
-61,21,2
-65,20,2
-148,-95,3
-50,18,2
-54,24,2
-155,-102,3
179,158,0
13,-75,1
-36,36,2
13,-86,1
-53,16,2
-56,9,2
-164,-160,4
24,-77,1
-153,-95,3
-42,24,2
-36,20,2
-36,19,2
179,179,0
15,-83,1
-165,-177,4
-58,4,2
184,172,0
26,-82,1
3,-78,1
174,184,0
167,169,0
-50,22,2
-52,18,2
-147,-95,3
-32,26,2
35,-65,1
-172,-172,4
-174,-176,4
32,-73,1
-175,-169,4
172,157,0
-153,-86,3
-149,-89,3
-54,30,2
-159,-101,3
184,192,0
-174,-171,4
191,167,0
-162,-73,3
-164,-167,4
-163,-175,4
177,169,0
189,179,0
178,192,0
-62,28,2
33,-99,1
-176,-172,4
-173,-177,4
174,177,0
-163,-109,3
-61,30,2
-164,-165,4
35,-91,1
19,-78,1
-52,42,2
183,166,0
153,175,0
-164,-168,4
-139,-101,3
29,-88,1
30,-70,1
27,-91,1
186,169,0
18,-88,1
-169,-181,4
177,167,0
-163,-174,4
177,157,0
-173,-168,4
-52,22,2
196,182,0
-152,-96,3
-65,14,2
174,182,0
-173,-168,4
5,-89,1
19,-73,1
21,-89,1
187,195,0
-166,-162,4
15,-70,1
193,165,0
-41,17,2
181,187,0
185,175,0
-152,-103,3
0,-35,1
-150,-95,3
-143,-96,3
-155,-164,4
-154,-92,3
-164,-170,4
-165,-175,4
-154,-96,3
-161,-170,4
-156,-93,3
-160,-78,3
-108,-166,4
-171,-181,4
-168,-173,4
-146,-100,3
176,169,0
-173,-165,4
10,-71,1
-163,-164,4
-149,-99,3
186,162,0
-151,-115,3
27,-69,1
-148,-87,3
-141,-104,3
-49,3,2
-165,-165,4
-64,16,2
-147,-109,3
171,163,0
-177,-172,4
-166,-173,4
-43,24,2
28,-89,1
-143,-95,3
193,172,0
-172,-176,4
157,164,0
-160,-94,3
-174,-166,4
186,170,0
-173,-175,4
-148,-101,3
-141,-92,3
161,177,0
161,173,0
-53,12,2
23,-59,1
197,161,0
22,-71,1
-148,-99,3
-167,-171,4
-51,20,2
-146,-111,3
176,165,0
24,-87,1
-175,-169,4
180,174,0
-62,16,2
189,174,0
-165,-172,4
14,-94,1
19,-89,1
-171,-179,4
190,176,0
-43,25,2
10,-79,1
-134,-98,3
176,177,0
-174,-174,4
17,-92,1
-165,-164,4
8,-64,1
199,179,0
18,-78,1
187,149,0
-155,-84,3
11,-83,1
-61,24,2
44,-85,1
-45,11,2
-161,-174,4
174,174,0
148,155,0
21,-93,1
27,-79,1
-155,-93,3
-163,-172,4
16,-101,1
25,-84,1
-61,11,2
191,171,0
-158,-83,3
14,-73,1
-162,-112,3
-137,-87,3
-172,-168,4
178,168,0
-40,29,2
17,-87,1
-135,-87,3
30,-70,1
-177,-169,4
-60,24,2
-168,-169,4
170,144,0
-148,-105,3
-168,-169,4
-165,-171,4
-147,-100,3
14,-59,1
181,176,0
-168,-169,4
180,169,0
-175,-159,4
-51,21,2
-42,27,2
33,-99,1
-144,-116,3
-181,-171,4
-29,44,2
-50,27,2
-173,-168,4
166,162,0
-150,-85,3
171,181,0
-48,31,2
-42,27,2
-167,-175,4
-171,-172,4
-3,-65,1
24,-80,1
-57,13,2
-165,-110,3
-156,-90,3
9,-59,1
41,-78,1
176,164,0
11,-106,1
-142,-100,3
174,168,0
-167,-172,4
170,188,0
-152,-104,3
-52,16,2
-140,-105,3
179,151,0
-162,-168,4
-137,-95,3
-166,-165,4
7,-79,1
172,168,0
-148,-112,3
178,176,0
-160,-174,4
-169,-172,4
-169,-166,4
1,-89,1
-88,-98,1
-162,-96,3
-178,-175,4
174,174,0
-41,25,2
-167,-98,3
-48,26,2
16,-86,1
21,-104,1
-132,-90,3
180,151,0
36,-82,1
177,177,0
8,-73,1
-148,-92,3
11,-83,1
41,-72,1
-143,-98,3
176,179,0
188,172,0
38,-84,1
-159,-98,3
19,-75,1
-162,-104,3
-60,22,2
-142,-102,3
14,-71,1
-160,-169,4
180,158,0
-171,-171,4
-174,-93,3
-166,-167,4
165,172,0
-146,-94,3
-132,-98,3
-151,-94,3
-141,-77,3
-59,2,2
-145,-99,3
-154,-85,3
-172,-181,4
-56,31,2
180,180,0
-165,-97,3
165,172,0
-150,-100,3
34,-94,1
-140,-92,3
-158,-100,3
-150,-97,3
-166,-164,4
32,-77,1
-166,-175,4
36,-75,1
-163,-98,3
194,164,0
-61,30,2
157,180,0
-46,20,2
-124,-100,3
-6,-80,1
-148,-88,3
-171,-172,4
-154,-101,3
-170,-176,4
-171,-176,4
-42,23,2
-46,19,2
-152,-94,3
-171,-172,4
-140,-108,3
-47,9,2
-151,-94,3
-146,-107,3
11,-78,1
-145,-97,3
196,163,0
175,179,0
-163,-168,4
174,165,0
25,-77,1
17,-72,1
-45,14,2
20,-74,1
-154,-118,3
-165,-115,3
-152,-103,3
-173,-167,4
21,-87,1
-178,-177,4
42,-79,1
-145,-91,3
-163,-167,4
-56,32,2
179,161,0
176,164,0
193,189,0
-143,-99,3
-46,14,2
-153,-97,3
-174,-160,4
-40,8,2
3,-71,1
-171,-171,4
178,155,0
-153,-96,3
-173,-168,4
-169,-162,4
-154,-96,3
-142,-74,3
186,160,0
-158,-90,3
187,173,0
26,-99,1
182,185,0
-60,4,2
-53,28,2
-166,-173,4
16,-81,1
-139,-90,3
19,-78,1
17,-75,1
-168,-169,4
25,-68,1
-172,-164,4
-38,33,2
-175,-167,4
-146,-92,3
-139,-116,3
-154,-93,3
-174,-172,4
-58,27,2
-171,-170,4
-58,17,2
-147,-103,3
19,-73,1
173,163,0
-37,33,2
-173,-161,4
31,-86,1
-68,23,2
-172,-172,4
-47,25,2
180,170,0
189,185,0
-168,-165,4
-145,-93,3
19,-91,1
7,-93,1
190,167,0
189,170,0
-58,21,2
166,163,0
177,164,0
-35,42,2
167,174,0
-161,-98,3
28,-83,1
34,-75,1
17,-96,1
-170,-164,4
5,-79,1
-140,-87,3
-143,-103,3
178,170,0
-55,9,2
-171,-168,4
-164,-89,3
-57,24,2
-59,13,2
19,-85,1
-125,-107,3
-26,14,2
176,165,0
173,173,0
-171,-166,4
12,-87,1
-165,-180,4
-135,-100,3
0,-95,1
-178,-173,4
22,-79,1
-56,1,2
-178,-169,4
23,-85,1
177,162,0
-147,-117,3
0,-166,4
-170,-177,4
35,-84,1
171,175,0
-46,26,2
177,183,0
168,171,0
-57,5,2
166,162,0
11,-89,1
183,157,0
178,172,0
182,175,0
-154,-91,3
16,-85,1
-58,33,2
12,-80,1
10,-81,1
-46,35,2
-167,-165,4
-46,14,2
28,-71,1
187,178,0
193,169,0
185,168,0
-166,-92,3
24,-79,1
-55,35,2
173,155,0
22,-68,1
-156,-97,3
183,156,0
-53,15,2
-55,13,2
27,-67,1
-52,27,2
34,-93,1
-168,-163,4
169,173,0
179,170,0
-138,-126,3
-152,-90,3
24,-70,1
183,163,0
-154,-103,3
-40,33,2
24,-86,1
-59,31,2
-159,-100,3
19,-75,1
-160,-118,3
-58,25,2
-177,-162,4
-147,-106,3
-173,-175,4
-174,-173,4
180,181,0
-165,-167,4
-70,15,2
-51,28,2
167,162,0
-180,-169,4
-150,-90,3
-47,12,2
-57,19,2
-53,20,2
-55,33,2
-60,25,2
21,-82,1
-170,-167,4
-153,-95,3
-173,-179,4
-45,16,2
30,-80,1
-51,22,2
2,-82,1
-52,15,2
-150,-110,3
184,166,0
-133,-90,3
190,153,0
-156,-160,4
3,-79,1
-151,-89,3
34,-75,1
-164,-80,3
-138,-111,3
-168,-165,4
-39,22,2
164,153,0
-53,9,2
173,170,0
-163,-169,4
-170,-169,4
-71,-181,2
-169,-164,4
-179,-171,4
-170,-161,4
5,-81,1
164,169,0
169,164,0
190,177,0
-142,-96,3
190,185,0
-165,-174,4
-119,-98,3
167,186,0
-176,-159,4
-141,-111,3
-36,29,2
-173,-167,4
-49,11,2
-75,15,2
-63,11,2
-55,23,2
16,-75,1
-43,34,2
176,170,0
-42,41,2
189,154,0
-172,-174,4
-173,-171,4
27,-71,1
-158,-96,3
-154,-106,3
169,170,0
-143,-103,3
188,182,0
-144,-102,3
-156,-96,3
-172,-169,4
19,-85,1
-159,-174,4
-160,-93,3
16,-73,1
-169,-171,4
167,179,0
166,163,0
-18,16,2
186,174,0
47,-75,1
186,190,0
189,176,0
-170,-172,4
-43,13,2
27,-81,1
-137,-111,3
-146,-99,3
21,-88,1
-4,-73,1
-55,31,2
22,-91,1
-176,-171,4
183,181,0
-136,-104,3
177,168,0
-39,22,2
5,-78,1
-47,20,2
-137,-101,3
168,166,0
26,-94,1
26,-65,1
-45,13,2
183,159,0
-167,-169,4
-173,-172,4
-52,10,2
46,-64,1
-62,21,2
-137,-109,3
192,169,0
175,165,0
-149,-101,3
-151,-110,3
3,-66,1
-167,-168,4
2,-64,1
182,-28,0
-61,15,2
-30,21,2
-136,-87,3
-174,-168,4
26,-63,1
-36,15,2
-172,-169,4
-149,-110,3
42,-72,1
-156,-81,3
-33,13,2
-157,-111,3
-178,-157,4
25,-98,1
165,178,0
168,173,0
-174,-170,4
36,-84,1
-23,19,2
-152,-107,3
-167,-172,4
-160,-98,3
-149,-106,3
-45,26,2
195,161,0
23,-68,1
-57,12,2
-164,-174,4
186,167,0
-48,31,2
-38,6,2
18,-70,1
-156,-90,3
-4,-93,1
-49,23,2
-173,-176,4
173,175,0
-163,-88,3
-47,5,2
-48,26,2
31,-98,1
-129,-114,3
191,175,0
-48,15,2
-133,-106,3
182,174,0
-161,-163,4
-138,-94,3
179,183,0
-168,-164,4
170,162,0
-37,18,2
-56,29,2
-44,18,2
-171,-171,4
-52,8,2
173,147,0
-161,-90,3
17,-75,1
21,-91,1
-3,-91,1
-146,-109,3
-179,-169,4
-60,7,2
173,169,0
171,152,0
-173,-164,4
-168,-174,4
173,167,0
-159,-100,3
8,-96,1
-171,-176,4
-140,-114,3
-171,-176,4
-144,-99,3
-169,-177,4
37,-85,1
-129,-95,3
26,-86,1
-49,25,2
184,183,0
-44,7,2
-166,-175,4
193,172,0
150,176,0
26,-75,1
-160,-89,3
179,179,0
182,167,0
-175,-174,4
-75,15,2
-143,-132,3
19,-82,1
-66,18,2
-167,-167,4
22,-74,1
-174,-167,4
190,159,0
26,-94,1
174,165,0
-49,17,2
-170,-169,4
181,164,0
17,-92,1
-65,31,2
183,177,0
20,-80,1
-171,-171,4
187,177,0
-171,-170,4
-171,-157,4
180,170,0
-136,-110,3
-53,33,2
177,164,0
-144,-105,3
-173,-167,4
-166,-177,4
188,170,0
-168,-183,4
171,162,0
-146,-97,3
-151,-105,3
-52,-9,2
-38,38,2
-58,20,2
179,167,0
41,-82,1
-173,-176,4
-179,-167,4
-168,-172,4
-169,-171,4
16,-89,1
-147,-110,3
-155,-101,3
20,-77,1
31,-87,1
-42,27,2
20,-91,1
19,-74,1
-50,17,2
3,-82,1
-171,-168,4
20,-63,1
188,178,0
-35,31,2
20,-86,1
-60,33,2
-54,18,2
-167,-170,4
-56,25,2
190,176,0
-41,5,2
12,-86,1
-60,35,2
166,182,0
175,173,0
-159,-104,3
12,-76,1
-157,-173,4
-173,-174,4
16,-58,1
-170,-171,4
-157,-99,3
-157,-111,3
-52,21,2
177,174,0
-171,-172,4
29,-70,1
-2,-85,1
-146,-113,3
162,178,0
164,174,0
-144,-102,3
14,-68,1
-148,-107,3
-2,-67,1
-134,-100,3
180,173,0
-170,-160,4
177,154,0
24,-84,1
-145,-91,3
-133,-116,3
-173,-170,4
33,-82,1
-135,-95,3
-48,0,2
-144,-93,3
163,169,0
-134,-100,3
-41,11,2
33,-82,1
15,-76,1
-167,-175,4
193,172,0
-180,-176,4
-141,-107,3
13,-79,1
-52,2,2
-50,18,2
-156,-96,3
-146,-111,3
-165,-180,4
174,176,0
-161,-101,3
169,170,0
-44,24,2
-47,-5,2
-142,-84,3
-163,-75,3
-169,-162,4
-172,-172,4
40,-82,1
-171,-178,4
-162,-182,4
8,-68,1
-60,15,2
164,166,0
22,-51,1
-65,21,2
-162,-170,4
-161,-90,3
-164,-175,4
-165,-88,3
-165,-172,4
172,184,0
-40,12,2
27,-80,1
-52,31,2
-181,-172,4
172,167,0
-166,-173,4
180,171,0
185,182,0
187,174,0
29,-86,1
-139,-95,3
-162,-167,4
-52,15,2
-16,-101,3
-171,-172,4
177,183,0
-137,-98,3
-146,-115,3
185,168,0
19,-73,1
-168,-167,4
-48,26,2
22,-104,1
169,170,0
-60,13,2
24,-63,1
-140,-99,3
189,160,0
-31,-5,2
35,-78,1
-174,-167,4
-69,20,2
-157,-89,3
15,-84,1
170,172,0
184,180,0
-149,-121,3
-166,-173,4
-172,-167,4
-177,-176,4
13,-55,1
-181,-177,4
-37,24,2
-47,19,2
190,179,0
-46,18,2
-50,17,2
-50,22,2
-69,24,2
176,172,0
196,173,0
-164,-92,3
-143,-80,3
-130,-84,3
-62,25,2
-159,-163,4
-170,-168,4
171,174,0
15,-90,1
185,180,0
165,191,0
13,-73,1
-162,-172,4
-165,-180,4
-133,-94,3
-164,-172,4
-54,2,2
-32,30,2
172,176,0
-147,-91,3
168,162,0
162,170,0
-166,-166,4
174,156,0
-45,26,2
-166,-169,4
-172,-174,4
34,-79,1
-152,-81,3
-175,-162,4
-54,34,2
5,-79,1
13,-58,1
-168,-171,4
196,158,0
-73,29,2
-49,30,2
-165,-109,3
-173,-167,4
-163,-82,3
177,155,0
25,-84,1
-174,-164,4
-167,-160,4
-58,36,2
176,178,0
-148,-119,3
-1,-75,1
-160,-168,4
-147,-102,3
30,-84,1
-67,12,2
-163,-171,4
-150,-109,3
188,180,0
194,190,0
45,-63,1
-47,18,2
20,-81,1
-171,-172,4
170,160,0
-172,-166,4
-45,34,2
-172,-169,4
8,-77,1
-168,-170,4
-147,-92,3
-133,-104,3
191,166,0
-131,-120,3
14,-74,1
-139,-103,3
-49,33,2
167,191,0
192,165,0
-134,-106,3
-172,-169,4
157,178,0
3,-85,1
2,-87,1
-61,17,2
-59,12,2
-144,-109,3
165,171,0
-176,-173,4
190,164,0
-45,23,2
-154,-106,3
14,-65,1
184,169,0
-47,31,2
18,-72,1
-151,-91,3
-44,12,2
-160,-96,3
-40,18,2
23,-86,1
-164,-168,4
31,-96,1
-51,26,2
169,175,0
179,166,0
30,-80,1
-130,-93,3
-69,31,2
193,187,0
-166,-168,4
-173,-174,4
192,176,0
-51,29,2
162,178,0
181,177,0
-54,17,2
-164,-109,3
-154,-98,3
-147,-95,3
-45,-3,2
-167,-167,4
-139,-106,3
-58,19,2
-149,-100,3
170,162,0
-151,-99,3
1,-137,1
-162,-168,4
3,-89,1
174,161,0
-172,-167,4
-52,15,2
-145,-94,3
-149,-117,3
11,-90,1
-153,-103,3
-45,-2,2
-62,-84,1
-32,4,2
-169,-171,4
-176,-175,4
-163,-172,4
-34,22,2
-171,-166,4
173,160,0
30,-83,1
-37,34,2
-160,-98,3
-148,-91,3
25,-68,1
-56,17,2
12,-76,1
-38,21,2
199,167,0
41,-80,1
-130,-87,3
25,-69,1
-165,-180,4
-58,28,2
193,178,0
-65,31,2
22,-67,1
-143,-101,3
-154,-112,3
-174,-169,4
-132,-118,3
-54,22,2
-171,-163,4
16,-76,1
-31,35,2
-163,-169,4
183,185,0
-77,14,2
179,169,0
192,174,0
-176,-169,4
-166,-175,4
-177,-85,3
22,-62,1
-138,-116,3
-171,-170,4
-160,-107,3
-42,21,2
36,-74,1
-148,-97,3
-172,-171,4
-51,24,2
-150,-110,3
-152,-116,3
5,-86,1
-167,-175,4
-161,-91,3
-53,19,2
-59,37,2
-176,-176,4
-147,-101,3
-159,-96,3
4,-72,1
176,167,0
-168,-109,3
-43,31,2
-176,-168,4
-148,-102,3
-178,-165,4
-168,-162,4
31,-77,1
173,187,0
-40,31,2
11,-72,1
14,-71,1
-167,-165,4
168,174,0
-173,-168,4
183,171,0
-165,-165,4
166,162,0
-171,-171,4
182,180,0
-163,-165,4
28,-80,1
-148,-95,3
-133,-115,3
32,-79,1
184,172,0
-145,-98,3
-173,-172,4
158,168,0
-134,-101,3
3,-67,1
160,171,0
189,173,0
24,-76,1
-46,25,2
-128,-100,3
-33,25,2
11,-72,1
198,172,0
-147,-101,3
-167,-169,4
-62,21,2
187,158,0
193,164,0
-36,21,2
-144,-103,3
-146,-115,3
197,168,0
166,170,0
193,172,0
178,178,0
-135,-88,3
-140,-93,3
-171,-98,3
-159,-110,3
-59,3,2
178,158,0
35,-72,1
-172,-170,4
-140,-105,3
-9,-80,1
185,174,0
-51,19,2
4,-100,1
-166,-166,4
6,-89,1
-32,15,2
-143,-129,3
-162,-167,4
12,-79,1
-161,-161,4
-45,22,2
28,-86,1
-150,-110,3
-148,-97,3
-43,24,2
-159,-77,3
-129,-102,3
-161,-168,4
-54,30,2
-126,-98,3
176,169,0
-169,-163,4
-155,-97,3
21,-67,1
-154,-116,3
186,167,0
38,-84,1
-155,-118,3
-61,14,2
25,-82,1
22,-70,1
-179,-162,4
-145,-86,3
-167,-173,4
162,170,0
-160,-180,4
-175,-172,4
24,-75,1
33,-70,1
-167,-173,4
-177,-168,4
-127,-98,3
-176,-171,4
-61,18,2
-38,41,2
-49,29,2
-176,-174,4
-54,34,2
172,184,0
188,174,0
-151,-124,3
-150,-118,3
-166,-108,3
14,-83,1
-32,17,2
9,-79,1
35,-79,1
28,-81,1
-60,17,2
-140,-95,3
181,167,0
-146,-104,3
-135,-98,3
-150,-93,3
-134,-117,3
-158,-86,3
-167,-176,4
17,-73,1
-176,-172,4
18,-76,1
32,-59,1
13,-58,1
172,171,0
28,-68,1
-53,29,2
-145,-85,3
18,-72,1
-145,-108,3
24,-67,1
180,171,0
-150,-103,3
-169,-161,4
23,-70,1
-130,-94,3
-171,-110,3
-153,-91,3
-157,-88,3
175,167,0
-136,-117,3
-135,-79,3
-173,-165,4
-74,43,2
-156,-100,3
33,-70,1
-166,-167,4
-176,-165,4
-149,-108,3
17,-68,1
-51,27,2
-43,20,2
-152,-111,3
30,-78,1
-33,13,2
187,180,0
-134,-93,3
-153,-98,3
-174,-174,4
-141,-103,3
17,-83,1
-183,-167,4
-172,-175,4
177,178,0
-134,-99,3
190,160,0
-146,-88,3
-179,-164,4
188,179,0
-39,33,2
-169,-162,4
15,-66,1
-167,-171,4
5,-82,1
-154,-113,3
7,-68,1
14,-72,1
189,154,0
-145,-114,3
182,167,0
12,-66,1
-144,-96,3
-163,-99,3
-68,18,2
185,176,0
-154,-114,3
-59,12,2
-171,-171,4
20,-67,1
188,145,0
194,165,0
-145,-95,3
-166,-169,4
32,-94,1
192,148,0
47,-76,1
-153,-91,3
-41,21,2
-54,23,2
14,-74,1
164,182,0
-170,-161,4
-53,15,2
26,-85,1
-55,28,2
14,-74,1
-143,-94,3
181,160,0
-178,-174,4
-153,-92,3
-151,-94,3
-65,23,2
192,173,0
167,170,0
157,163,0
178,178,0
186,169,0
-49,9,2
4,-62,1
-137,-90,3
13,-91,1
-53,20,2
175,177,0
-163,-180,4
-164,-166,4
-69,32,2
-153,-91,3
28,-79,1
-40,34,2
194,165,0
-155,-91,3
13,-85,1
-162,-103,3
86,-164,4
-143,-108,3
10,-78,1
-166,-173,4
-38,-9,2
12,-81,1
27,-97,1
168,176,0
11,-91,1
163,163,0
-50,18,2
36,-78,1
-167,-175,4
-167,-177,4
-37,18,2
189,168,0
-68,27,2
185,177,0
-39,28,2
183,164,0
17,-90,1
6,-87,1
-63,18,2
-47,13,2
-140,-89,3
198,163,0
26,-101,1
-44,19,2
4,-79,1
-153,-81,3
-60,7,2
14,-77,1
-157,-97,3
28,-90,1
-150,-110,3
8,-95,1
-138,-94,3
190,170,0
10,-90,1
38,-71,1
-168,-170,4
-128,-96,3
-169,-164,4
-66,21,2
197,155,0
21,-86,1
-146,-111,3
189,155,0
20,-84,1
-39,22,2
-132,-112,3
1,-76,1
-172,-170,4
-177,-172,4
174,174,0
-173,-164,4
183,173,0
-155,-113,3
175,173,0
-162,-168,4
-140,-86,3
-61,29,2
173,167,0
-43,25,2
-164,-111,3
-172,-165,4
-157,-100,3
-147,-100,3
192,181,0
-173,-175,4
-48,37,2
22,-74,1
-46,37,2
158,172,0
-174,-163,4
22,-91,1
-157,-81,3
36,-65,1
-58,21,2
26,-75,1
-46,19,2
-148,-99,3
-163,-172,4
-163,-175,4
188,173,0
-177,-175,4
-50,20,2
-168,-169,4
15,-99,1
-50,7,2
22,-68,1
-155,-115,3
-170,-177,4
-160,-116,3
188,169,0
-144,-106,3
11,-60,1
-174,-164,4
-52,10,2
-147,-104,3
-169,-168,4
-155,-99,3
-146,-89,3
10,-101,1
-175,-172,4
-51,13,2
-159,-85,3
-176,-170,4
159,163,0
29,-73,1
18,-79,1
-171,-169,4
-174,-165,4
-158,-89,3
-143,-88,3
171,161,0
12,-77,1
165,157,0
176,169,0
-134,-101,3
-38,30,2
14,-82,1
170,165,0
-66,21,2
165,181,0
-52,12,2
-146,-89,3
-174,-169,4
-148,-97,3
-178,-166,4
-146,-97,3
-176,-177,4
27,-85,1
-178,-162,4
197,168,0
-162,-90,3
-52,20,2
15,-79,1
-155,-86,3
23,-71,1
16,-67,1
-46,10,2
181,153,0
-155,-104,3
-48,30,2
-172,-169,4
17,-73,1
29,-79,1
-171,-166,4
173,151,0
143,174,0
175,177,0
-166,-119,3
-45,13,2
165,160,0
-174,-183,4
-171,-165,4
-47,28,2
-166,-165,4
-47,23,2
-29,22,2
-151,-74,3
183,153,0
-32,7,2
191,168,0
4,-85,1
-173,-173,4
-28,22,2
-153,-89,3
-150,-89,3
-41,30,2
-39,9,2
-177,-171,4
20,-77,1
-165,-176,4
-163,-80,3
6,-82,1
-173,-177,4
-166,-169,4
-175,-176,4
-156,-89,3
-169,-166,4
-177,-165,4
-56,26,2
-56,10,2
-2,-90,1
-37,18,2
-167,-159,4
37,-84,1
-175,-175,4
-178,-166,4
-160,-112,3
-52,19,2
174,156,0
10,-69,1
-148,-110,3
-174,-179,4
-171,-172,4
4,-81,1
-149,-114,3
-159,-112,3
-155,-93,3
-170,-174,4
19,-86,1
26,-88,1
187,190,0
-170,-170,4
185,161,0
-138,-86,3
14,-74,1
-175,-170,4
-158,-105,3
177,143,0
28,-98,1
182,160,0
173,164,0
-151,-101,3
182,176,0
-138,-82,3
-174,-94,3
-175,-170,4
21,-87,1
14,-72,1
-46,25,2
-171,-172,4
9,-95,1
-167,-169,4
-170,-169,4
-53,27,2
-52,47,2
32,-93,1
187,189,0
-37,1,2
-160,-93,3
-169,-175,4
-155,-115,3
169,175,0
-53,13,2
-50,14,2
165,170,0
25,-85,1
-153,-107,3
-176,-169,4
180,177,0
180,174,0
20,-82,1
168,162,0
-52,2,2
-57,11,2
181,167,0
164,199,0
-182,-173,4
164,174,0
6,-68,1
-163,-172,4
-166,-165,4
-66,18,2
-143,-111,3
197,-107,3
-171,-171,4
-158,-111,3
-172,-165,4
-134,-89,3
-158,-103,3
184,185,0
-165,-98,3
-46,30,2
-60,37,2
180,169,0
-73,22,2
-38,19,2
-158,-106,3
-167,-176,4
-79,25,2
-148,-110,3
182,178,0
-50,16,2
-45,10,2
-152,-109,3
186,165,0
-44,24,2
7,-70,1
16,-98,1
17,-65,1
-156,-107,3
23,-57,1
15,-77,1
-25,8,2
6,-86,1
-47,27,2
-53,29,2
-68,34,2
18,-57,1
188,170,0
-173,-173,4
-157,-94,3
19,-77,1
-168,-171,4
10,-61,1
182,153,0
180,156,0
-53,9,2
-177,100,4
19,-85,1
-31,34,2
-48,13,2
8,-93,1
-150,-111,3
-136,-106,3
-137,-112,3
-146,-101,3
191,168,0
33,-87,1
195,193,0
189,163,0
-159,-180,4
-49,25,2
173,171,0
-169,-94,3
-52,9,2
-167,-168,4
-176,-172,4
17,-88,1
-54,18,2
-55,19,2
182,165,0
-26,4,2
-141,-99,3
-52,21,2
24,-84,1
-180,-174,4
187,184,0
-140,-102,3
-53,35,2
-179,-163,4
-56,24,2
-162,-163,4
-149,-79,3
15,-84,1
29,-94,1
-47,22,2
-131,-92,3
-180,-172,4
-171,-168,4
-47,22,2
19,-92,1
191,174,0
-169,-171,4
18,-75,1
-167,-166,4
23,-83,1
28,-85,1
35,-78,1
-133,-81,3
22,-85,1
24,-78,1
-160,-121,3
-59,11,2
-171,-171,4
182,178,0
16,-73,1
25,-105,1
-39,22,2
-158,-106,3
175,186,0
-52,28,2
-165,-165,4
-151,-109,3
-164,-172,4
-49,31,2
-157,-164,4
-171,-174,4
-66,4,2
189,174,0
161,172,0
-157,-160,4
198,189,0
-55,10,2
190,186,0
-157,-99,3
184,166,0
176,152,0
177,170,0
-149,-89,3
185,168,0
-142,-84,3
3,-80,1
-168,-176,4
-141,-123,3
188,177,0
-174,-162,4
21,-89,1
-167,-170,4
185,151,0
-147,-93,3
174,161,0
-156,-93,3
-165,-165,4
183,162,0
-171,-175,4
-174,-173,4
-174,-169,4
167,163,0
-145,-102,3
-171,-168,4
177,172,0
-172,-176,4
-175,-115,3
20,-74,1
-157,-88,3
-34,26,2
-44,16,2
11,-73,1
-58,18,2
-169,-171,4
-155,-91,3
175,175,0
-46,7,2
-128,-103,3
-154,-120,3
14,-78,1
-71,9,2
168,167,0
-57,14,2
-48,55,2
177,169,0
-51,31,2
-174,-170,4
-36,32,2
-164,-177,4
25,-75,1
16,-105,1
186,170,0
12,-74,1
-30,30,2
5,-96,1
163,169,0
-151,-107,3
1,-68,1
29,-89,1
-40,13,2
15,-85,1
174,178,0
-175,-169,4
183,151,0
-148,-117,3
-164,-176,4
24,-77,1
-171,-175,4
13,-71,1
-165,-173,4
193,164,0
191,165,0
-139,-95,3
-145,-97,3
-167,-171,4
-148,-100,3
35,-68,1
-157,-100,3
-167,-162,4
183,178,0
11,-70,1
25,-78,1
186,175,0
179,179,0
-174,-178,4
-171,-178,4
16,-71,1
165,176,0
20,-80,1
-150,-109,3
-171,-171,4
-151,-113,3
-135,-106,3
-49,17,2
-40,3,2
-49,7,2
25,-86,1
166,146,0
169,176,0
-167,-162,4
-168,-168,4
-173,-161,4
-53,20,2
5,-76,1
-156,-105,3
173,181,0
-50,21,2
-171,-172,4
194,170,0
-174,-167,4
-159,-93,3
-73,20,2
-168,-171,4
18,-83,1
187,163,0
-173,-163,4
23,-80,1
-30,7,2
0,-65,1
21,-90,1
26,-69,1
-169,-171,4
37,-84,1
-155,-89,3
198,172,0
-172,-173,4
20,-77,1
180,172,0
165,171,0
31,-76,1
76,-107,3
-163,-157,4
-170,-169,4
-178,-165,4
-169,40,4
-153,-104,3
-170,-171,4
-152,-99,3
-143,-96,3
190,166,0
-173,-172,4
-43,17,2
-146,-99,3
172,181,0
-140,-116,3
22,-75,1
22,-103,1
17,-78,1
31,-83,1
-172,-165,4
-169,-167,4
24,-63,1
-47,18,2
3,-53,1
-174,-172,4
38,-91,1
-169,-167,4
187,167,0
187,167,0
-158,-85,3
-169,-170,4
-169,-157,4
171,172,0
-168,-169,4
173,181,0
-158,-107,3
172,167,0
-169,-173,4
1,-99,1
11,-87,1
26,-76,1
-48,39,2
-146,-78,3
-146,-97,3
29,-68,1
-60,26,2
-51,8,2
-27,28,2
-173,-93,3
25,-88,1
192,156,0
-147,-98,3
-55,11,2
-44,39,2
-133,-106,3
29,-81,1
15,-93,1
19,-70,1
-159,-100,3
-172,-171,4
-158,-106,3
-57,37,2
-138,-83,3
32,-82,1
189,168,0
-43,21,2
-159,-108,3
-158,-111,3
26,-96,1
175,177,0
-170,-85,3
24,-72,1
11,-86,1
171,181,0
188,175,0
188,168,0
36,-72,1
-160,-99,3
-164,-171,4
9,-94,1
-134,-107,3
36,-66,1
-145,-84,3
18,-87,1
173,158,0
32,-58,1
199,168,0
-166,-174,4
-47,8,2
169,181,0
10,-83,1
-153,-116,3
-44,32,2
168,160,0
21,-62,1
168,171,0
190,172,0
-164,-167,4
-140,-83,3
-65,15,2
-159,-107,3
-171,-175,4
-143,-84,3
1,-79,1
182,176,0
-39,18,2
-63,37,2
21,-73,1
-179,-99,3
-53,19,2
20,-77,1
191,161,0
-167,-164,4
27,-77,1
-152,-89,3
181,186,0
-161,-103,3
-173,-171,4
186,169,0
193,185,0
-170,-165,4
-54,18,2
18,-90,1
35,-83,1
-166,-166,4
15,-80,1
165,174,0
-172,-110,3
173,158,0
13,-65,1
-132,-80,3
178,179,0
-165,-92,3
-170,-162,4
-44,9,2
-178,-173,4
16,-80,1
-45,11,2
-173,-159,4
-172,-168,4
161,180,0
177,170,0
-32,19,2
-167,-173,4
-56,20,2
187,176,0
-177,-94,3
-154,-98,3
178,155,0
17,-89,1
38,-84,1
17,-81,1
27,-68,1
16,-81,1
-168,-172,4
-151,-104,3
-148,-90,3
188,186,0
170,159,0
172,170,0
-50,15,2
-143,-105,3
-62,16,2
-147,-105,3
4,-82,1
-148,-95,3
189,158,0
173,193,0
-155,-108,3
175,164,0
187,170,0
-55,25,2
-48,25,2
172,164,0
-48,22,2
18,-63,1
166,160,0
30,-68,1
190,173,0
-42,1,2
-47,21,2
163,159,0
192,164,0
-171,-178,4
179,158,0
-33,15,2
-150,-96,3
-152,-89,3
172,167,0
-175,-178,4
181,155,0
-165,-169,4
166,177,0
163,189,0
-176,-171,4
-166,-170,4
183,156,0
184,170,0
25,-85,1
-165,-172,4
-172,-161,4
-178,-174,4
-169,-171,4
-49,19,2
-138,-107,3
32,-80,1
-36,44,2
-48,33,2
-1,-88,1
196,178,0
-170,-182,4
174,181,0
3,-79,1
-50,10,2
176,169,0
174,171,0
9,-73,1
-159,-91,3
-178,-171,4
-161,-100,3
23,-82,1
-167,-170,4
13,-85,1
-47,24,2
-54,18,2
-152,-97,3
-152,-123,3
-175,-171,4
-172,-176,4
-167,-97,3
16,-70,1
182,183,0
-142,-90,3
185,161,0
-160,-169,4
-169,-174,4
164,170,0
183,176,0
-166,-173,4
-70,37,2
-147,-94,3
-145,-94,3
183,170,0
179,165,0
168,105,0
-161,-167,4
-58,25,2
23,-84,1
-48,30,2
2,-87,1
-142,-98,3
-142,-127,3
183,171,0
-175,-169,4
-164,-175,4
35,-83,1
-149,-96,3
-175,-172,4
-30,20,2
-62,18,2
-165,-106,3
-68,27,2
-167,-168,4
-165,-177,4
-50,28,2
30,-82,1
-169,-105,3
181,174,0
-171,-173,4
-50,33,2
10,-71,1
-44,23,2
-174,-170,4
29,-79,1
183,176,0
-151,-91,3
177,169,0
-165,-168,4
21,-63,1
17,-91,1
-62,29,2
20,-68,1
-59,18,2
-166,-176,4
198,165,0
-176,-175,4
-146,-85,3
35,-83,1
182,172,0
-145,-92,3
-57,14,2
-161,-168,4
-169,-169,4
19,-78,1
-177,-172,4
-141,-89,3
-169,-174,4
-167,-165,4
-47,16,2
-6,-85,1
164,174,0
-170,-72,4
172,156,0
-44,25,2
153,157,0
26,-59,1
-56,25,2
26,-60,1
-62,22,2
16,-73,1
13,-81,1
-56,18,2
