X,Y,GRUP
178,169,0
-157,-108,3
-142,-101,3
-146,-106,3
-34,34,2
25,-101,1
-59,21,2
-153,-110,3
-54,26,2
-142,-91,3
13,-80,1
13,-84,1
-140,-104,3
-40,24,2
12,-94,1
-150,-100,3
190,169,0
13,-82,1
178,168,0
-149,-110,3
31,-99,1
-66,5,2
-40,22,2
18,-73,1
-60,22,2
174,155,0
-146,-93,3
-50,26,2
160,161,0
24,-88,1
167,160,0
-67,17,2
173,166,0
28,-91,1
-58,29,2
-41,32,2
-162,-80,3
-147,-103,3
-56,11,2
-149,-111,3
-51,18,2
-140,-92,3
172,168,0
-138,-99,3
-58,33,2
-38,19,2
-41,24,2
20,-100,1
33,-78,1
-44,38,2
18,-73,1
-44,22,2
34,-58,1
-170,-116,3
29,-105,1
-155,-109,3
-7,-90,1
-149,-110,3
8,-80,1
-42,4,2
-156,-97,3
42,-82,1
176,182,0
190,154,0
165,175,0
154,159,0
-54,16,2
20,-88,1
-52,16,2
173,181,0
21,-89,1
32,-77,1
-42,2,2
-151,-100,3
25,-82,1
-146,-104,3
-47,12,2
31,-66,1
182,169,0
-56,26,2
171,179,0
-29,35,2
-153,-98,3
179,174,0
17,-83,1
174,181,0
38,-92,1
18,-84,1
173,174,0
174,166,0
-45,5,2
26,-96,1
-150,-124,3
-160,-76,3
-154,-89,3
18,-68,1
-56,20,2
12,-73,1
-157,-93,3
-32,22,2
-169,-105,3
-47,16,2
33,-82,1
191,162,0
19,-80,1
-149,-87,3
-56,20,2
22,-77,1
22,-78,1
191,150,0
16,-74,1
-52,19,2
24,-70,1
31,-83,1
15,-65,1
-147,-80,3
-44,31,2
-156,-110,3
-54,20,2
-61,39,2
-50,26,2
-173,-120,3
178,155,0
-157,-108,3
-63,30,2
-51,37,2
196,170,0
-43,11,2
-153,-90,3
25,-81,1
-35,13,2
-157,-105,3
-157,-101,3
-34,31,2
184,174,0
-40,28,2
193,170,0
-55,16,2
-146,-105,3
23,-72,1
-38,13,2
-42,20,2
-48,5,2
-160,-104,3
26,-75,1
-34,35,2
-35,37,2
161,165,0
22,-71,1
-152,-110,3
187,178,0
167,149,0
27,-102,1
-50,21,2
12,-80,1
-71,12,2
-144,-101,3
-164,-98,3
-139,-99,3
18,-61,1
-58,27,2
-47,24,2
-158,-91,3
189,174,0
-155,-104,3
19,-79,1
-152,-111,3
175,155,0
169,158,0
194,167,0
16,-86,1
-158,-111,3
-157,-93,3
-152,-113,3
-46,24,2
2,-83,1
-144,-90,3
-46,11,2
30,-89,1
24,-103,1
-62,41,2
186,168,0
22,-88,1
170,177,0
29,-100,1
-145,-103,3
-162,-101,3
-147,-81,3
-59,13,2
-46,37,2
-35,17,2
38,-72,1
-145,-106,3
-50,7,2
-143,-102,3
-60,22,2
19,-97,1
34,-62,1
-151,-99,3
17,-87,1
-55,17,2
-171,-103,3
182,161,0
-47,8,2
-49,13,2
-61,49,2
-43,12,2
33,-92,1
183,194,0
171,170,0
-167,-107,3
174,170,0
22,-56,1
188,158,0
176,171,0
-148,-110,3
-35,11,2
24,-88,1
3,-94,1
-52,20,2
-138,-87,3
-54,38,2
0,-67,1
185,166,0
171,168,0
-42,22,2
-142,-82,3
7,-74,1
-157,-99,3
171,164,0
-145,-90,3
19,-79,1
-126,-108,3
-148,-108,3
193,157,0
-151,-113,3
16,-64,1
177,172,0
36,-94,1
-50,19,2
-43,18,2
32,-80,1
-151,-73,3
-34,1,2
22,-83,1
24,-86,1
190,153,0
187,177,0
-143,-109,3
168,180,0
-51,5,2
-60,30,2
-158,-82,3
177,156,0
-150,-92,3
32,-70,1
-141,-89,3
22,-105,1
-144,-86,3
-45,25,2
-52,5,2
183,166,0
-152,-95,3
177,181,0
-152,-93,3
170,181,0
-37,12,2
-55,26,2
-64,24,2
-28,28,2
177,178,0
185,159,0
157,167,0
-71,22,2
-55,4,2
-158,-107,3
-61,30,2
15,-69,1
21,-91,1
-139,-93,3
-58,16,2
24,-87,1
1,-73,1
11,-62,1
4,-68,1
23,-73,1
193,175,0
-46,16,2
-154,-104,3
-147,-110,3
-58,19,2
38,-70,1
-47,1,2
35,-92,1
-157,-79,3
-36,35,2
-65,12,2
182,185,0
193,178,0
-49,20,2
-152,-99,3
-51,9,2
-60,14,2
-150,-101,3
-147,-112,3
-49,20,2
183,161,0
26,-77,1
-50,23,2
-48,11,2
30,-86,1
27,-95,1
-56,8,2
15,-89,1
-49,25,2
0,-69,1
-31,27,2
-36,20,2
-171,-109,3
174,165,0
8,-81,1
20,-76,1
195,181,0
178,166,0
-54,18,2
13,-95,1
-56,20,2
18,-84,1
14,-88,1
-141,-107,3
19,-100,1
-46,17,2
184,160,0
-38,25,2
-159,-101,3
197,181,0
-169,-100,3
191,180,0
29,-82,1
-153,-98,3
-131,-107,3
32,-81,1
159,192,0
170,167,0
-34,14,2
174,155,0
-45,13,2
186,157,0
192,177,0
-159,-108,3
182,151,0
11,-78,1
-147,-117,3
-49,33,2
6,-80,1
22,-84,1
-59,-98,3
187,158,0
183,162,0
18,-84,1
-48,14,2
25,-77,1
-151,-106,3
-64,22,2
12,-70,1
-154,-98,3
176,180,0
194,174,0
-149,-105,3
-43,12,2
180,178,0
182,192,0
-140,-92,3
-157,-103,3
195,184,0
175,150,0
-49,16,2
18,-72,1
-158,-81,3
-48,17,2
-40,17,2
21,-89,1
-56,9,2
180,160,0
-41,28,2
-159,-95,3
-141,-92,3
-80,33,2
-57,18,2
15,-78,1
17,-74,1
20,-114,1
15,-82,1
-150,-94,3
-134,-112,3
22,-90,1
-151,-95,3
-2,-86,1
191,177,0
-50,14,2
-60,22,2
186,182,0
-59,28,2
-157,-98,3
28,-79,1
163,181,0
-155,-88,3
-124,-101,3
13,-69,1
185,173,0
194,168,0
-151,-93,3
-153,-90,3
-143,-82,3
192,159,0
-146,-91,3
-144,-108,3
-48,18,2
22,-53,1
22,-74,1
-160,-75,3
-49,54,2
-149,-104,3
172,186,0
197,165,0
188,173,0
-152,-105,3
184,173,0
-37,35,2
-50,27,2
-147,-104,3
19,-87,1
-52,28,2
199,174,0
197,181,0
-123,-102,3
163,171,0
-51,-7,2
22,-84,1
180,170,0
192,176,0
195,179,0
-150,-123,3
-148,-93,3
-146,-110,3
177,152,0
-43,20,2
194,158,0
-36,11,2
-133,-102,3
-145,-110,3
-132,-104,3
5,-79,1
-140,-85,3
176,182,0
183,163,0
10,-71,1
178,149,0
196,162,0
-62,19,2
34,-86,1
184,181,0
-138,-81,3
-142,-99,3
-68,12,2
-148,-90,3
-145,-95,3
187,162,0
-45,14,2
26,-94,1
42,-85,1
-160,-107,3
-46,28,2
17,-75,1
-143,-111,3
-58,18,2
194,179,0
-58,24,2
174,160,0
17,-82,1
-158,-103,3
-36,19,2
-1,-98,1
177,161,0
-173,-94,3
13,-87,1
-49,20,2
-51,20,2
-148,-90,3
164,182,0
-149,-97,3
27,-74,1
-65,17,2
-50,22,2
167,163,0
-150,-101,3
-144,-109,3
-47,15,2
22,-80,1
179,169,0
-157,-112,3
-58,6,2
170,147,0
-45,16,2
26,-88,1
-48,11,2
-57,18,2
-144,-91,3
170,181,0
11,-79,1
31,-69,1
174,169,0
166,161,0
-142,-108,3
193,170,0
192,178,0
184,179,0
-46,29,2
-49,17,2
18,-74,1
-74,30,2
183,177,0
-152,-97,3
-136,-95,3
-150,-103,3
1,-71,1
-152,-90,3
-36,21,2
29,-76,1
-162,-112,3
-42,27,2
-155,-111,3
-46,31,2
17,-86,1
-42,26,2
-60,9,2
40,-62,1
-44,25,2
19,-90,1
176,169,0
-144,-101,3
-57,22,2
-158,-102,3
-158,-97,3
175,178,0
-167,-106,3
-155,-100,3
-155,-89,3
28,-76,1
26,-60,1
154,159,0
-153,-96,3
-55,32,2
177,159,0
-145,-100,3
-54,9,2
168,189,0
-137,-81,3
-164,-94,3
-148,-90,3
-158,-81,3
-132,-96,3
-170,-113,3
-157,-94,3
32,-98,1
36,-89,1
-57,12,2
-152,-117,3
175,175,0
16,-69,1
175,175,0
-145,-109,3
30,-83,1
-48,27,2
192,174,0
-154,-97,3
-44,24,2
-136,-110,3
174,173,0
-138,-95,3
16,-80,1
181,171,0
-25,13,2
161,156,0
-65,29,2
177,181,0
-62,20,2
20,-91,1
179,163,0
0,-63,1
-52,37,2
166,183,0
-34,1,2
17,-79,1
-62,25,2
188,169,0
178,167,0
-151,-109,3
-154,-93,3
-43,24,2
24,-90,1
172,176,0
-142,-100,3
180,180,0
-42,12,2
12,-76,1
-36,25,2
-152,-109,3
19,-85,1
19,-77,1
25,-84,1
-130,-102,3
20,-83,1
-53,6,2
24,-73,1
184,169,0
22,-86,1
23,-86,1
-140,-106,3
-45,13,2
-154,-88,3
-47,23,2
-56,25,2
-60,29,2
-161,-97,3
191,186,0
181,179,0
-165,-103,3
13,-105,1
-53,29,2
177,185,0
-46,33,2
39,-84,1
-43,19,2
-132,-79,3
-57,15,2
164,173,0
-50,22,2
34,-72,1
195,160,0
12,-75,1
28,-78,1
-141,-110,3
-57,8,2
30,-73,1
26,-72,1
6,-90,1
-64,19,2
28,-58,1
10,-94,1
-157,-101,3
34,-71,1
186,176,0
172,163,0
186,154,0
13,-85,1
-144,-74,3
31,-94,1
-47,10,2
182,146,0
6,-80,1
184,180,0
-58,25,2
-145,-109,3
12,-101,1
-57,23,2
171,163,0
-52,17,2
17,-77,1
-47,24,2
-151,-105,3
20,-80,1
174,161,0
6,-86,1
182,160,0
174,183,0
177,153,0
-154,-95,3
-48,30,2
0,-86,1
31,-65,1
179,184,0
190,164,0
-33,19,2
-167,-118,3
185,171,0
174,157,0
18,-84,1
164,157,0
19,-87,1
30,-90,1
177,167,0
198,160,0
197,167,0
181,175,0
-161,-71,3
-143,-99,3
17,-94,1
27,-91,1
189,156,0
-154,-85,3
199,175,0
-57,22,2
168,167,0
-48,9,2
-53,10,2
190,174,0
180,167,0
-135,-100,3
177,171,0
169,182,0
-153,-98,3
-47,22,2
-138,-102,3
181,177,0
24,-77,1
-35,22,2
180,175,0
-151,-96,3
19,-90,1
-42,9,2
-140,-89,3
27,-87,1
188,179,0
-160,-93,3
-52,25,2
-161,-98,3
-54,9,2
186,177,0
188,150,0
176,180,0
-61,23,2
-59,33,2
31,-80,1
-54,37,2
178,146,0
195,175,0
178,166,0
18,-79,1
-143,-86,3
22,-87,1
18,-83,1
27,-73,1
-60,25,2
181,168,0
-139,-107,3
15,-75,1
-63,30,2
-63,14,2
-140,-106,3
-151,-98,3
25,-81,1
-45,31,2
-48,20,2
170,167,0
177,177,0
171,164,0
197,156,0
25,-67,1
-56,9,2
162,154,0
179,171,0
24,-74,1
195,188,0
174,176,0
175,183,0
20,-78,1
-54,9,2
-46,13,2
-147,-106,3
196,160,0
-157,-82,3
31,-91,1
184,153,0
182,182,0
12,-77,1
-171,-120,3
26,-81,1
184,174,0
182,170,0
180,169,0
30,-75,1
-97,172,0
194,169,0
170,173,0
-29,27,2
23,-111,1
-50,15,2
174,182,0
-150,-92,3
-50,15,2
14,-94,1
183,186,0
181,181,0
-25,14,2
-149,-92,3
-55,21,2
176,166,0
-149,-101,3
-155,-112,3
-60,9,2
35,-86,1
16,-72,1
-162,-119,3
-49,27,2
191,169,0
-42,10,2
171,170,0
195,172,0
-42,14,2
190,172,0
-145,-108,3
-151,-112,3
-155,-103,3
189,161,0
-42,12,2
-134,-98,3
-139,-95,3
27,-60,1
-160,-81,3
27,-96,1
190,170,0
-155,-94,3
-49,19,2
-141,-95,3
-174,-107,3
-139,-102,3
-40,29,2
-52,25,2
10,-88,1
-161,-94,3
-63,-3,2
184,175,0
177,189,0
23,-100,1
-54,8,2
23,-85,1
-64,12,2
22,-56,1
5,-76,1
15,-67,1
180,164,0
170,159,0
2,-62,1
-144,-97,3
40,-82,1
6,-64,1
-42,30,2
-49,18,2
193,178,0
-35,14,2
30,-93,1
23,-76,1
16,-82,1
-142,-112,3
-56,21,2
183,170,0
-144,-93,3
-42,28,2
185,192,0
198,175,0
173,175,0
-42,4,2
183,178,0
-157,-100,3
15,-85,1
167,180,0
183,177,0
173,164,0
-140,-86,3
-51,13,2
28,-71,1
174,174,0
32,-79,1
-139,-100,3
32,-85,1
25,-77,1
-141,-103,3
-55,16,2
-44,12,2
-60,19,2
26,-95,1
-36,8,2
-37,45,2
-52,13,2
33,-72,1
-139,-91,3
-141,-111,3
-50,21,2
-143,-95,3
-153,-111,3
39,-88,1
178,179,0
-47,7,2
-148,-78,3
194,164,0
-150,-102,3
-165,-109,3
-152,-120,3
-51,14,2
-37,24,2
19,-77,1
182,168,0
-63,15,2
-59,36,2
185,153,0
171,171,0
24,-66,1
-72,33,2
-54,16,2
182,166,0
25,-61,1
-38,14,2
-162,-89,3
34,-93,1
16,-73,1
-158,-114,3
26,-77,1
31,-77,1
21,-75,1
-146,-96,3
175,172,0
31,-77,1
-55,28,2
-163,-94,3
-163,-95,3
-154,-99,3
-30,42,2
-46,10,2
-36,16,2
175,147,0
179,151,0
-153,-101,3
-150,-99,3
172,23,0
-44,22,2
-142,-115,3
177,17,0
-154,-120,3
-131,-87,3
153,153,0
16,-85,1
27,-90,1
-47,27,2
194,158,0
-146,-105,3
-34,29,2
188,167,0
-56,12,2
189,168,0
-45,42,2
168,168,0
186,182,0
196,177,0
-164,-112,3
175,178,0
19,-88,1
-158,-99,3
-147,45,3
168,165,0
18,-82,1
182,142,0
-39,23,2
-173,-84,3
-37,17,2
185,162,0
20,-85,1
196,156,0
188,159,0
-135,-96,3
181,169,0
-42,9,2
-33,32,2
174,190,0
176,189,0
-152,-97,3
-138,-98,3
-159,-118,3
-151,-78,3
26,-81,1
14,-58,1
-53,10,2
-140,-100,3
-170,-107,3
27,-74,1
-35,37,2
-53,12,2
-34,15,2
-131,-99,3
3,-83,1
19,-67,1
-40,17,2
-135,-85,3
-155,-104,3
-143,-109,3
-148,-104,3
12,-86,1
-157,-78,3
9,-85,1
193,179,0
179,180,0
197,189,0
-56,26,2
-160,-101,3
187,176,0
182,170,0
180,173,0
19,-89,1
-170,-105,3
-156,-95,3
175,177,0
-152,-166,3
-130,-89,3
-157,-97,3
-40,17,2
-157,-102,3
-44,11,2
-60,36,2
38,-80,1
-44,20,2
-27,17,2
188,179,0
185,171,0
-151,-94,3
51,-83,1
-159,-104,3
-36,25,2
25,-81,1
-169,-93,3
-146,-82,3
177,184,0
-144,-95,3
19,-71,1
165,173,0
33,-91,1
-147,-94,3
181,170,0
-134,-91,3
12,-86,1
21,-73,1
44,-72,1
22,-89,1
-43,21,2
-159,-110,3
11,-92,1
176,155,0
-43,21,2
185,150,0
28,-91,1
160,162,0
-158,-111,3
185,177,0
182,149,0
192,178,0
-157,-79,3
-63,-2,2
13,-79,1
-138,-104,3
19,-79,1
-53,15,2
-55,26,2
-161,-102,3
-133,-108,3
-139,-101,3
-54,24,2
-164,-113,3
22,-71,1
-59,20,2
-145,-91,3
-53,20,2
-55,26,2
-62,20,2
35,-83,1
33,-74,1
6,-82,1
-147,-86,3
195,181,0
-56,16,2
-159,-85,3
187,183,0
37,-85,1
178,163,0
-150,-87,3
171,167,0
-41,-3,2
171,153,0
-150,-102,3
-62,31,2
-40,25,2
-156,-101,3
27,-78,1
21,-56,1
28,-79,1
188,166,0
178,188,0
152,185,0
-57,3,2
-138,-75,3
22,-71,1
-144,-74,3
-145,-100,3
187,162,0
-66,8,2
-49,25,2
-52,31,2
-34,9,2
-140,-100,3
171,152,0
-48,20,2
188,165,0
-143,-100,3
-142,-101,3
168,179,0
31,-89,1
174,166,0
176,154,0
-36,34,2
23,-73,1
182,162,0
-146,-109,3
26,-84,1
166,165,0
15,-72,1
22,-84,1
-152,-89,3
-4,-76,1
173,157,0
2,-70,1
-62,28,2
186,185,0
191,182,0
169,157,0
-39,7,2
-53,7,2
-149,-86,3
-45,12,2
172,171,0
14,-74,1
-132,-86,3
-48,19,2
-141,-107,3
-165,-84,3
30,-77,1
167,161,0
-59,11,2
31,-72,1
-147,-88,3
0,-81,1
-66,17,2
23,-76,1
-45,24,2
-158,-101,3
-44,3,2
180,150,0
-158,-90,3
-33,12,2
161,168,0
21,-74,1
172,178,0
21,-83,1
-40,22,2
-160,-90,3
-53,30,2
174,170,0
27,-79,1
-143,-105,3
191,168,0
-156,-112,3
190,167,0
-47,32,2
-154,-109,3
-51,21,2
13,-83,1
1,-80,1
195,186,0
-53,49,2
-122,-107,3
-59,17,2
173,175,0
-142,-81,3
-43,4,2
180,158,0
-60,14,2
14,-76,1
-50,57,2
-56,16,2
-56,17,2
196,168,0
-147,-102,3
-58,27,2
196,157,0
20,-86,1
-53,16,2
-30,7,2
184,161,0
27,-72,1
-139,-104,3
188,154,0
-156,-72,3
30,-103,1
-44,-5,2
-150,-103,3
-49,22,2
37,-100,1
-158,-104,3
28,-85,1
25,-86,1
-151,-106,3
-134,-96,3
32,-84,1
-137,-113,3
-35,30,2
-179,-113,3
-43,24,2
33,-103,1
-148,-115,3
-47,31,2
-150,-107,3
-46,28,2
-56,38,2
-150,-93,3
176,168,0
187,181,0
8,-85,1
175,157,0
17,-83,1
22,-84,1
-125,-103,3
180,175,0
188,159,0
-48,33,2
191,169,0
177,160,0
17,-91,1
22,-71,1
180,186,0
-57,23,2
-150,-97,3
39,-71,1
-158,-105,3
-147,-97,3
26,-84,1
-33,16,2
-159,-100,3
4,-85,1
-148,-115,3
156,165,0
-131,-105,3
-56,24,2
-158,-92,3
33,-94,1
187,176,0
-137,-96,3
163,169,0
24,-64,1
-149,-105,3
18,-83,1
186,169,0
35,-91,1
30,-94,1
-25,31,2
-47,18,2
8,-98,1
27,-81,1
-144,-116,3
185,176,0
-42,16,2
-155,-91,3
-61,28,2
23,-79,1
-46,25,2
-164,-94,3
12,-62,1
171,192,0
-59,22,2
16,-84,1
21,-79,1
159,172,0
180,168,0
-153,-129,3
159,183,0
182,168,0
170,159,0
18,-99,1
-47,31,2
21,-72,1
-30,22,2
-145,-99,3
-53,20,2
190,173,0
-67,22,2
179,168,0
28,-62,1
-47,33,2
15,-70,1
171,189,0
178,186,0
-36,21,2
20,-91,1
-148,-108,3
174,165,0
24,-91,1
-36,15,2
-146,-110,3
-62,27,2
37,-84,1
19,-79,1
32,-82,1
33,-71,1
173,170,0
186,162,0
18,-80,1
189,180,0
-36,1,2
187,161,0
191,178,0
-58,17,2
-159,-93,3
-160,-98,3
152,164,0
178,175,0
15,-77,1
189,188,0
-56,10,2
19,-87,1
188,160,0
5,-86,1
16,-83,1
190,156,0
18,-85,1
-53,22,2
183,170,0
175,169,0
172,165,0
166,182,0
-161,-101,3
-149,-101,3
-45,-2,2
176,171,0
-59,18,2
-166,-98,3
185,164,0
29,-93,1
-141,-102,3
-39,14,2
-155,-92,3
183,148,0
-160,-99,3
183,173,0
15,-71,1
-143,-116,3
-155,-93,3
175,172,0
-44,33,2
6,-72,1
23,-91,1
-154,-101,3
23,-63,1
179,177,0
-139,-96,3
-72,15,2
-154,-103,3
185,179,0
21,-81,1
176,157,0
177,166,0
-63,10,2
-55,24,2
-46,19,2
-165,-95,3
-54,11,2
26,-83,1
-172,-101,3
-151,-122,3
31,-73,1
171,174,0
178,164,0
154,159,0
-49,37,2
7,-85,1
-150,-106,3
-153,-104,3
-41,14,2
-152,-92,3
182,178,0
15,-57,1
35,-87,1
-64,34,2
-67,20,2
-54,15,2
24,-80,1
-43,23,2
16,-69,1
-62,15,2
-160,-96,3
186,154,0
17,-81,1
19,-75,1
180,170,0
-158,-100,3
-54,15,2
4,-83,1
183,163,0
-37,21,2
-57,24,2
-61,8,2
178,163,0
168,176,0
-148,-105,3
-44,19,2
165,170,0
8,-61,1
21,-92,1
12,-89,1
9,-100,1
19,-84,1
185,155,0
-144,-91,3
191,169,0
39,-76,1
180,175,0
21,-72,1
-67,3,2
-32,13,2
11,-88,1
8,-90,1
168,161,0
15,-88,1
-56,19,2
-40,24,2
180,166,0
12,-82,1
-45,16,2
-157,-87,3
17,-98,1
-152,-119,3
190,184,0
192,171,0
-36,16,2
179,171,0
-39,35,2
171,159,0
35,-95,1
35,-84,1
-44,19,2
192,166,0
0,-75,1
31,-79,1
26,-73,1
-45,32,2
-159,-100,3
7,-86,1
-147,-111,3
176,167,0
6,-78,1
-147,-99,3
30,-63,1
196,158,0
23,-68,1
-150,-111,3
21,-85,1
-35,21,2
11,-75,1
190,192,0
-154,-100,3
22,-77,1
196,167,0
170,185,0
178,158,0
-146,-110,3
-138,-98,3
33,-60,1
29,-83,1
-40,29,2
-154,-107,3
21,-81,1
168,184,0
-52,19,2
189,162,0
-146,-109,3
-144,-94,3
185,172,0
-161,-95,3
18,-85,1
-57,25,2
184,179,0
170,172,0
-143,-106,3
182,165,0
17,-70,1
-47,9,2
178,181,0
-146,-112,3
174,179,0
192,171,0
176,179,0
-52,13,2
25,-91,1
-152,-106,3
-147,-102,3
-176,-87,3
32,-82,1
45,-63,1
185,150,0
7,-93,1
-40,18,2
-148,-106,3
-41,22,2
-52,4,2
171,165,0
-58,22,2
-53,32,2
-157,-114,3
-46,8,2
159,167,0
-159,-95,3
9,-79,1
177,163,0
-48,29,2
-38,16,2
-62,28,2
179,165,0
-137,-100,3
-152,-96,3
-48,36,2
-135,-96,3
2,-67,1
32,-59,1
-49,18,2
-145,-98,3
176,170,0
168,169,0
9,-66,1
33,-83,1
195,172,0
-52,32,2
22,-100,1
-151,-82,3
-25,29,2
30,-75,1
-141,-113,3
3,-78,1
-40,44,2
-38,23,2
18,-84,1
-56,16,2
181,191,0
175,160,0
26,-77,1
183,170,0
-143,-83,3
14,-79,1
-43,13,2
-159,-97,3
25,-86,1
-162,-99,3
0,-74,1
-55,33,2
-60,24,2
-134,-88,3
-159,-73,3
-164,-107,3
184,186,0
190,182,0
-165,-99,3
187,171,0
-142,-96,3
182,163,0
31,-77,1
-1,-49,1
-49,16,2
-47,16,2
-160,-82,3
-147,-110,3
193,161,0
-152,-108,3
-121,-108,3
-48,20,2
183,167,0
-51,6,2
175,154,0
-46,24,2
12,-90,1
-146,-105,3
175,182,0
-140,-96,3
-57,4,2
-42,13,2
-134,-103,3
-55,23,2
-52,8,2
173,163,0
-70,6,2
-66,13,2
28,-80,1
168,174,0
-52,18,2
-35,23,2
-50,23,2
23,-63,1
29,-67,1
-48,8,2
-67,18,2
-57,4,2
167,185,0
178,178,0
196,153,0
193,158,0
-47,29,2
-49,28,2
-167,-114,3
-169,-105,3
-143,-115,3
29,-90,1
21,-84,1
-157,-91,3
21,-75,1
-49,33,2
-157,-84,3
-39,20,2
-167,-89,3
26,-80,1
-153,-105,3
191,196,0
178,158,0
178,160,0
193,159,0
24,-96,1
20,-81,1
12,-72,1
-160,-93,3
-52,-1,2
12,-68,1
-137,-112,3
13,-79,1
-37,14,2
-164,-106,3
186,174,0
187,175,0
170,169,0
-57,15,2
-27,23,2
-52,19,2
183,177,0
-46,18,2
167,158,0
24,-89,1
30,-49,1
181,169,0
-43,12,2
180,181,0
38,-86,1
-41,15,2
27,-70,1
-147,-96,3
199,166,0
170,179,0
10,-83,1
185,190,0
175,164,0
-139,-97,3
-64,44,2
-52,23,2
-23,8,2
8,-81,1
13,-60,1
22,-80,1
169,155,0
187,171,0
13,-84,1
179,172,0
-146,-111,3
-44,6,2
14,-88,1
-135,-102,3
-169,-118,3
171,172,0
-147,-97,3
172,164,0
-149,-86,3
10,-93,1
-147,-97,3
173,173,0
-38,22,2
22,-99,1
-41,7,2
35,-88,1
-149,-106,3
-149,-115,3
188,189,0
-136,-89,3
45,-68,1
-146,-104,3
190,160,0
11,-77,1
26,-90,1
-151,-111,3
4,-64,1
-155,-97,3
-153,-89,3
168,168,0
173,156,0
-53,28,2
9,-100,1
13,-84,1
40,-83,1
-146,-97,3
-150,-112,3
-55,12,2
199,154,0
190,162,0
12,-68,1
-136,-106,3
-143,-102,3
-35,27,2
-170,-114,3
25,-88,1
-166,-97,3
-160,-97,3
24,-72,1
184,150,0
14,-83,1
-45,14,2
176,176,0
-67,21,2
-45,23,2
189,185,0
162,159,0
32,-93,1
-142,-71,3
17,-78,1
167,167,0
17,-94,1
31,-75,1
-151,-100,3
190,177,0
-152,-115,3
10,-93,1
184,158,0
168,167,0
-45,29,2
-56,15,2
184,174,0
-139,-107,3
163,180,0
-143,-96,3
183,172,0
-164,-97,3
183,172,0
16,-72,1
-60,38,2
-51,17,2
184,175,0
-49,32,2
-148,-86,3
32,-85,1
22,-93,1
181,173,0
-47,24,2
-163,-94,3
186,175,0
-60,17,2
173,169,0
183,182,0
182,176,0
-152,-104,3
-136,-111,3
194,196,0
6,-81,1
-131,-97,3
16,-100,1
-58,17,2
-49,30,2
186,165,0
-146,-108,3
19,-76,1
-152,-98,3
179,185,0
-23,29,2
19,-62,1
-41,38,2
-47,18,2
183,172,0
-142,-102,3
34,-82,1
-158,-110,3
164,169,0
-143,-102,3
-51,23,2
-51,8,2
-41,34,2
-59,31,2
-145,-99,3
175,156,0
175,178,0
-163,-95,3
-150,-84,3
-155,-102,3
36,-70,1
183,187,0
16,-78,1
167,187,0
-45,19,2
-161,-94,3
21,-85,1
-155,-96,3
-56,22,2
-55,17,2
-149,-99,3
189,185,0
14,-76,1
4,-90,1
-44,27,2
-135,-98,3
24,-75,1
-31,17,2
-152,-99,3
22,-93,1
9,-77,1
-48,17,2
170,159,0
188,184,0
-3,-61,1
-58,4,2
174,161,0
28,-102,1
171,179,0
-149,-105,3
-159,-93,3
-144,-101,3
21,-97,1
-145,-88,3
181,167,0
178,169,0
7,-94,1
-46,29,2
28,-71,1
175,175,0
168,173,0
194,166,0
25,-85,1
185,170,0
-130,-94,3
165,174,0
184,168,0
26,-90,1
-151,-97,3
-47,27,2
-151,-100,3
186,189,0
-138,-83,3
-128,-92,3
10,-60,1
25,-70,1
-31,17,2
11,-75,1
-160,-85,3
-152,-102,3
-167,-91,3
-138,-101,3
-46,23,2
182,156,0
26,-75,1
171,169,0
25,-69,1
-58,8,2
-156,-125,3
-59,20,2
-160,-99,3
16,-83,1
-157,-92,3
-57,9,2
-54,7,2
-152,-109,3
-42,23,2
-160,-97,3
-177,-100,3
-13,-73,1
-50,7,2
-155,-105,3
177,167,0
13,-89,1
-148,-107,3
11,-91,1
167,182,0
13,-60,1
-148,-104,3
-162,-105,3
185,152,0
172,162,0
-138,-110,3
-50,-9,2
-151,-102,3
-39,19,2
25,-67,1
-55,-1,2
-165,-107,3
20,-84,1
-149,-95,3
183,154,0
19,-91,1
-71,6,2
23,-70,1
188,158,0
-146,-95,3
-149,-91,3
-152,-95,3
-145,-86,3
186,182,0
24,-94,1
-166,-115,3
176,154,0
-150,-105,3
-57,30,2
-44,15,2
189,164,0
-42,14,2
11,-81,1
-1,-80,1
-142,-103,3
153,180,0
179,162,0
18,-90,1
-150,-108,3
167,152,0
-153,-110,3
167,174,0
191,161,0
27,-80,1
-150,-120,3
-48,15,2
183,167,0
7,-61,1
-136,-111,3
-47,-128,2
179,168,0
-43,39,2
-168,-99,3
-167,-104,3
197,177,0
-42,26,2
-41,28,2
164,156,0
181,165,0
-42,-3,2
-138,-112,3
-149,-94,3
-57,19,2
-1,-67,1
-47,22,2
168,180,0
160,160,0
179,166,0
193,171,0
-55,27,2
14,-95,1
191,170,0
-51,36,2
15,-91,1
-62,22,2
26,-89,1
181,158,0
-139,-101,3
187,177,0
-154,-92,3
32,-77,1
188,161,0
-44,8,2
20,-80,1
-64,32,2
178,165,0
-138,-115,3
0,-79,1
-39,15,2
27,-84,1
-42,23,2
-157,-109,3
-139,-104,3
195,160,0
26,-88,1
-132,-102,3
179,161,0
49,-81,1
190,157,0
188,165,0
-48,22,2
170,149,0
-53,8,2
-52,31,2
20,-85,1
177,166,0
-63,37,2
187,164,0
-63,17,2
-46,27,2
15,-74,1
-43,28,2
-45,5,2
20,-96,1
33,-85,1
-147,-107,3
-42,18,2
-45,12,2
21,-83,1
-53,26,2
-48,20,2
-141,-106,3
5,-72,1
-47,-8,2
186,172,0
-147,-105,3
158,146,0
179,169,0
177,176,0
-143,-91,3
-145,-92,3
17,-69,1
-41,25,2
-46,14,2
182,157,0
-152,-95,3
-71,10,2
-146,-89,3
154,159,0
-142,-109,3
-151,-101,3
175,192,0
-160,-97,3
-137,-94,3
22,-61,1
15,-54,1
-175,-81,3
-60,26,2
-158,-87,3
-164,-96,3
6,-85,1
37,-79,1
27,-65,1
-156,-79,3
174,157,0
14,-81,1
-53,21,2
175,170,0
-155,-109,3
-143,-109,3
195,168,0
12,-79,1
174,169,0
190,189,0
21,-82,1
-56,9,2
184,172,0
5,-71,1
-53,26,2
173,164,0
18,-82,1
198,168,0
-143,-99,3
-158,-95,3
-55,11,2
-145,-106,3
-41,25,2
-45,8,2
-143,-116,3
-148,-94,3
167,192,0
-58,21,2
-135,-96,3
7,-80,1
186,169,0
-46,26,2
178,167,0
165,158,0
-52,17,2
6,-70,1
-167,-90,3
191,167,0
28,-83,1
175,160,0
27,-76,1
181,181,0
22,-75,1
-142,-105,3
179,164,0
14,-81,1
35,-66,1
187,168,0
-66,17,2
13,-77,1
-60,20,2
171,176,0
182,156,0
-57,26,2
27,-52,1
173,197,0
-138,-97,3
-54,13,2
178,147,0
-47,16,2
-55,31,2
20,-82,1
192,171,0
-45,24,2
172,173,0
182,173,0
13,-70,1
166,175,0
18,-75,1
42,-66,1
-59,5,2
192,154,0
17,-89,1
36,-73,1
-157,-101,3
-141,-96,3
192,172,0
177,169,0
193,183,0
12,-64,1
27,-70,1
10,-80,1
-161,-98,3
165,166,0
167,164,0
-178,-102,3
-153,-90,3
-158,-106,3
-9,-77,1
180,175,0
-153,-105,3
180,162,0
-66,18,2
14,-90,1
0,-77,1
-30,12,2
-49,4,2
-55,32,2
11,-101,1
-38,23,2
175,181,0
-147,-88,3
-54,25,2
26,-76,1
-53,31,2
-135,-96,3
196,171,0
162,169,0
170,169,0
-140,-88,3
19,-96,1
-139,-118,3
179,159,0
186,169,0
-150,-92,3
188,181,0
23,-85,1
160,163,0
-55,10,2
21,-65,1
30,-83,1
193,180,0
152,184,0
193,173,0
31,-78,1
14,-79,1
-43,6,2
1,-75,1
164,154,0
30,-86,1
177,172,0
-44,37,2
-31,21,2
-53,33,2
-150,-101,3
-38,7,2
177,179,0
-142,-84,3
34,-71,1
169,179,0
-44,30,2
20,-73,1
-58,27,2
-138,-97,3
-51,-2,2
27,-75,1
-39,27,2
-169,-97,3
172,178,0
-140,-94,3
185,165,0
-40,25,2
21,-78,1
-55,16,2
190,172,0
163,163,0
172,178,0
-44,30,2
-40,42,2
39,-79,1
-50,9,2
-158,-99,3
184,158,0
159,171,0
183,164,0
24,-63,1
-152,-104,3
10,-91,1
-67,17,2
-159,-95,3
171,176,0
-60,19,2
-45,17,2
-37,10,2
-133,-103,3
-162,-115,3
-140,-89,3
186,174,0
33,-98,1
169,174,0
171,154,0
-158,-97,3
-49,11,2
-43,47,2
183,175,0
-44,3,2
-59,18,2
21,-55,1
-141,-106,3
14,-78,1
173,170,0
5,-93,1
-170,-120,3
18,-78,1
-147,-99,3
22,-98,1
8,-81,1
-51,29,2
186,185,0
-44,19,2
173,185,0
17,-65,1
-60,17,2
13,-71,1
-44,23,2
-166,-97,3
-35,38,2
14,-80,1
-51,19,2
183,162,0
-143,-113,3
160,160,0
169,170,0
159,161,0
-58,35,2
-143,-106,3
-59,42,2
-160,-101,3
11,-77,1
-60,17,2
194,151,0
-50,19,2
-143,-92,3
-61,21,2
180,159,0
-160,-119,3
192,181,0
-55,7,2
176,170,0
-68,11,2
179,168,0
25,-81,1
168,177,0
4,-88,1
38,-89,1
174,163,0
177,178,0
177,174,0
24,-80,1
186,176,0
-37,26,2
169,179,0
-57,32,2
-166,-103,3
-36,10,2
-141,-97,3
-147,-100,3
185,163,0
-149,-120,3
31,-72,1
-59,19,2
-156,-102,3
194,183,0
15,-71,1
187,181,0
197,173,0
-153,-107,3
-67,32,2
-36,20,2
183,176,0
189,177,0
-167,-100,3
-154,-104,3
12,-87,1
-62,-1,2
167,175,0
30,-81,1
195,167,0
-143,-106,3
15,-70,1
164,163,0
29,-90,1
169,160,0
-42,27,2
-56,20,2
-162,-106,3
-161,-91,3
-152,-106,3
34,-74,1
-54,23,2
24,-84,1
-43,1,2
-158,-91,3
-165,-116,3
176,172,0
170,188,0
-58,-9,2
-145,-98,3
-51,5,2
-1,-86,1
17,-75,1
-74,9,2
160,161,0
25,-88,1
-146,-104,3
195,186,0
180,191,0
-60,15,2
9,-80,1
185,180,0
-161,-96,3
186,175,0
-61,19,2
7,-75,1
-43,24,2
-160,-103,3
-57,8,2
14,-72,1
27,-106,1
6,-78,1
187,169,0
14,-74,1
18,-85,1
-128,-94,3
14,-84,1
2,-71,1
18,-93,1
-66,11,2
193,174,0
23,-65,1
-157,-100,3
23,-65,1
174,160,0
15,-99,1
15,-70,1
-154,-106,3
-160,-92,3
20,-70,1
-52,34,2
-154,-97,3
170,173,0
166,172,0
24,-68,1
-55,35,2
9,-87,1
7,-79,1
-146,-107,3
-157,-88,3
173,174,0
-149,-90,3
8,-65,1
181,172,0
-140,-107,3
-40,6,2
-35,28,2
182,164,0
188,163,0
18,-86,1
18,-67,1
-50,29,2
18,-60,1
185,176,0
20,-72,1
-38,17,2
181,167,0
-47,9,2
20,-93,1
-39,22,2
-157,-99,3
-44,10,2
-57,38,2
-61,14,2
12,-88,1
-37,23,2
27,-81,1
-37,24,2
-143,-120,3
-48,44,2
-156,-99,3
-139,-102,3
-64,7,2
175,185,0
-154,-90,3
-47,18,2
12,-78,1
199,167,0
25,-87,1
-150,-101,3
-39,10,2
-152,-100,3
176,170,0
15,-91,1
-50,32,2
-58,34,2
-144,-91,3
179,169,0
-53,44,2
24,-79,1
180,155,0
10,-70,1
-53,9,2
-2,-81,1
8,-76,1
-57,12,2
-148,-96,3
-164,-105,3
17,-74,1
180,162,0
-51,37,2
-45,26,2
12,-75,1
-56,23,2
184,156,0
25,-87,1
5,-90,1
160,169,0
185,164,0
31,-91,1
-50,13,2
-145,-116,3
11,-88,1
195,180,0
-129,-105,3
26,-74,1
12,-64,1
1,-69,1
-44,37,2
174,170,0
-53,16,2
12,-80,1
-153,-108,3
-152,-99,3
-144,-106,3
187,155,0
-41,33,2
-164,-107,3
-156,-111,3
176,179,0
-139,-76,3
-157,-98,3
196,162,0
-32,33,2
-144,-118,3
17,-87,1
190,166,0
8,-57,1
26,-70,1
176,174,0
28,-91,1
20,-86,1
-148,-116,3
170,176,0
28,-75,1
-50,33,2
22,-72,1
16,-70,1
-33,13,2
30,-79,1
38,-82,1
-146,-102,3
186,169,0
168,188,0
177,191,0
-140,-103,3
-136,-104,3
-45,4,2
-168,-108,3
180,171,0
195,161,0
-42,32,2
-135,-97,3
181,157,0
174,169,0
-162,-93,3
22,-73,1
-55,19,2
-43,44,2
172,169,0
-145,-85,3
10,-86,1
12,-80,1
-55,23,2
180,176,0
7,-92,1
-145,-102,3
156,185,0
186,181,0
-47,5,2
-152,-87,3
169,169,0
-144,-89,3
-138,-77,3
190,161,0
-149,-87,3
14,-69,1
6,-86,1
-149,-104,3
24,-62,1
-141,-93,3
171,161,0
-155,-109,3
185,149,0
-52,23,2
21,-72,1
184,149,0
-150,-107,3
-145,-112,3
19,-34,1
-165,-105,3
-39,11,2
-138,-98,3
31,-69,1
185,168,0
20,-96,1
191,165,0
-141,-108,3
14,-63,1
-144,-101,3
22,-88,1
176,185,0
184,166,0
-37,24,2
-160,-76,3
-142,-119,3
33,-79,1
-59,20,2
192,184,0
-138,-96,3
-63,18,2
-79,17,2
157,169,0
-39,37,2
22,-72,1
175,198,0
18,-65,1
23,-103,1
183,172,0
-43,16,2
182,173,0
-165,-100,3
-145,-106,3
-128,-112,3
-172,-100,3
-147,-118,3
26,-104,1
21,-73,1
178,141,0
39,-73,1
-146,-81,3
12,-73,1
30,-72,1
178,176,0
-152,-87,3
-34,18,2
17,-93,1
6,-86,1
18,-92,1
153,174,0
182,176,0
174,172,0
-174,-93,3
179,167,0
18,-70,1
13,-77,1
-52,18,2
194,175,0
167,165,0
-40,26,2
-146,-115,3
25,-69,1
-159,-97,3
-152,-93,3
-50,22,2
20,-79,1
-42,7,2
174,168,0
-159,-104,3
168,150,0
-49,23,2
-49,17,2
-52,24,2
-46,21,2
167,176,0
-164,-100,3
-142,-101,3
-35,15,2
53,-99,1
-136,-100,3
-149,-84,3
-147,-92,3
-151,-102,3
-151,-98,3
-52,10,2
-146,-109,3
-166,-96,3
-142,-92,3
-54,25,2
-153,-102,3
191,165,0
187,160,0
29,-78,1
14,-87,1
-158,-104,3
177,169,0
39,-77,1
-150,-92,3
174,168,0
-135,-106,3
167,161,0
165,176,0
14,-94,1
190,160,0
-142,-108,3
-41,29,2
-47,11,2
179,167,0
24,-95,1
-53,27,2
-135,-76,3
171,172,0
27,-88,1
170,161,0
11,-88,1
-145,-95,3
22,-93,1
-133,-106,3
-147,-95,3
-136,-100,3
-154,-101,3
38,-85,1
27,-102,1
185,178,0
181,179,0
-46,20,2
184,170,0
192,168,0
-52,38,2
-66,18,2
189,183,0
188,173,0
-62,7,2
13,-97,1
3,-79,1
-160,-110,3
19,-74,1
199,171,0
-53,10,2
180,174,0
-142,-97,3
-153,-86,3
17,-78,1
20,-76,1
-160,-95,3
-164,-109,3
23,-87,1
-160,-98,3
-169,-87,3
184,173,0
184,168,0
-56,19,2
-54,-4,2
22,-87,1
11,-62,1
17,-87,1
24,-89,1
-44,20,2
-38,26,2
-157,-87,3
42,-65,1
-38,30,2
171,167,0
20,-78,1
-36,-5,2
-151,-70,3
-36,6,2
172,176,0
-64,28,2
-151,-86,3
25,-83,1
-151,-116,3
168,156,0
-63,26,2
0,-65,1
174,161,0
-140,-86,3
-163,-94,3
-43,4,2
-141,-78,3
-152,-101,3
167,169,0
-56,36,2
29,-72,1
-148,-107,3
-39,32,2
23,-98,1
-43,24,2
-38,6,2
-39,38,2
-46,22,2
10,-95,1
148,156,0
-39,24,2
187,170,0
19,-91,1
179,193,0
-37,5,2
-69,36,2
-174,-96,3
-52,34,2
173,186,0
-153,-122,3
-42,25,2
-151,-104,3
164,180,0
-159,-107,3
31,-73,1
-60,11,2
-147,-98,3
-41,16,2
38,-65,1
17,-78,1
172,192,0
185,178,0
42,-80,1
-157,-94,3
-172,-100,3
186,181,0
176,138,0
-47,31,2
-151,-96,3
-55,12,2
-56,29,2
193,174,0
-49,12,2
184,182,0
13,-80,1
187,161,0
-55,22,2
-143,-111,3
-148,-118,3
-153,-86,3
149,150,0
198,162,0
-57,25,2
10,-78,1
-47,33,2
-56,33,2
186,163,0
-154,-111,3
20,-73,1
-49,2,2
183,167,0
190,180,0
194,171,0
180,181,0
-55,-3,2
189,171,0
23,-87,1
188,174,0
-135,-74,3
-161,-93,3
33,-76,1
-63,23,2
-59,-4,2
167,156,0
-158,-107,3
190,180,0
-52,4,2
-143,-104,3
-38,27,2
-62,23,2
-154,-108,3
18,-102,1
34,-93,1
-145,-98,3
40,-90,1
14,-87,1
-34,18,2
-48,6,2
178,177,0
-47,17,2
-45,18,2
25,-98,1
-40,28,2
-156,-90,3
189,197,0
33,-87,1
-146,-108,3
-140,-100,3
20,-81,1
41,-63,1
22,-79,1
-61,24,2
172,152,0
-59,26,2
179,184,0
-148,-94,3
-155,-106,3
23,-70,1
180,170,0
8,-86,1
178,172,0
-159,-90,3
-145,-95,3
173,182,0
-145,-106,3
-156,-113,3
-154,-96,3
-150,-95,3
-41,31,2
41,-85,1
175,180,0
186,172,0
178,175,0
-145,-91,3
-159,-98,3
183,169,0
186,177,0
173,179,0
-142,-83,3
-40,21,2
31,-70,1
13,-80,1
2,-87,1
12,-99,1
-153,-107,3
-148,-100,3
-139,-84,3
-162,-88,3
-59,32,2
191,158,0
-141,-115,3
177,176,0
-158,-91,3
176,163,0
185,178,0
184,192,0
3,-85,1
-147,-125,3
-135,-110,3
15,-63,1
-156,-105,3
28,-87,1
197,164,0
-62,30,2
13,-80,1
-38,-7,2
182,173,0
-51,8,2
-151,-87,3
38,-73,1
-163,-98,3
-47,14,2
-136,-103,3
5,-86,1
42,-78,1
-165,-91,3
19,-88,1
-150,-105,3
-49,16,2
184,174,0
178,167,0
-43,20,2
-161,-94,3
22,-61,1
22,-68,1
-57,2,2
196,166,0
-159,-110,3
164,29,2
-150,-93,3
-49,29,2
-55,20,2
12,-78,1
-153,-94,3
14,-79,1
178,167,0
14,-81,1
26,-81,1
-58,25,2
-63,14,2
28,-73,1
179,168,0
187,185,0
26,-98,1
189,157,0
182,166,0
163,161,0
197,165,0
181,184,0
-54,27,2
-166,-108,3
-69,33,2
-68,31,2
171,174,0
179,169,0
19,-92,1
-157,-101,3
180,173,0
192,181,0
191,164,0
-58,25,2
-46,20,2
26,-77,1
-164,-80,3
9,-83,1
173,162,0
-154,-106,3
177,179,0
11,-105,1
158,160,0
-157,-95,3
-31,23,2
-36,28,2
13,-82,1
-61,23,2
1,-68,1
188,161,0
-41,18,2
-146,-104,3
199,180,0
12,-96,1
-63,26,2
-52,11,2
-151,-97,3
23,-84,1
10,-82,1
175,168,0
19,-82,1
184,181,0
182,188,0
27,-90,1
-52,25,2
-153,-90,3
-46,20,2
13,-82,1
-47,30,2
180,158,0
-54,22,2
21,-94,1
-56,17,2
22,-75,1
-44,18,2
13,-90,1
-2,-72,1
19,-83,1
10,-73,1
-51,26,2
-162,-114,3
171,157,0
182,169,0
-30,24,2
-155,-103,3
173,163,0
-156,-97,3
33,-66,1
196,170,0
-146,-107,3
30,-84,1
27,-93,1
-65,9,2
-50,11,2
-55,36,2
-147,-124,3
-44,21,2
32,-86,1
-56,24,2
194,158,0
-49,4,2
-41,16,2
-131,-105,3
-157,-99,3
191,177,0
179,183,0
-52,17,2
-149,-89,3
-159,-93,3
173,156,0
-72,35,2
-157,-98,3
-148,-109,3
-154,-106,3
21,-99,1
30,-81,1
-162,-86,3
31,-91,1
-151,-98,3
177,157,0
-154,-101,3
-49,12,2
170,172,0
-33,25,2
180,179,0
26,-71,1
5,-80,1
174,176,0
189,177,0
30,-75,1
20,-85,1
6,-68,1
-50,156,0
-140,-106,3
-58,14,2
-52,22,2
-57,29,2
27,-93,1
43,-74,1
-41,39,2
-148,-116,3
173,178,0
-32,24,2
-153,-96,3
-41,22,2
-57,14,2
175,176,0
28,-82,1
181,154,0
194,189,0
-157,-95,3
-155,-105,3
-42,23,2
19,-59,1
22,-94,1
-141,-124,3
-56,23,2
-52,0,2
-151,-120,3
-156,-96,3
-168,-104,3
29,-54,1
18,-83,1
186,161,0
-40,16,2
186,172,0
-143,-88,3
-147,-101,3
-139,-105,3
-43,18,2
-160,-105,3
33,-96,1
-159,-110,3
-137,-83,3
-139,-98,3
-163,-102,3
-57,27,2
-47,18,2
186,157,0
12,-85,1
13,68,1
18,-85,1
-155,-104,3
-142,-88,3
-31,19,2
30,-72,1
-55,16,2
-150,-106,3
-57,18,2
17,-78,1
22,-78,1
-152,-88,3
23,-74,1
188,158,0
176,163,0
-91,20,2
24,-63,1
-33,9,2
-61,18,2
24,-114,1
188,174,0
-152,-107,3
-40,18,2
-58,32,2
20,-83,1
-57,2,2
25,-61,1
9,-88,1
-69,16,2
179,174,0
178,176,0
176,160,0
-134,-105,3
-162,-103,3
-53,36,2
4,-95,1
176,171,0
44,-82,1
179,160,0
173,181,0
171,173,0
30,-96,1
-43,7,2
24,-68,1
-138,-106,3
-54,9,2
-56,17,2
182,154,0
-134,-94,3
180,171,0
-161,-101,3
-144,-96,3
-43,5,2
191,178,0
-153,-108,3
177,174,0
183,159,0
-127,-112,3
37,-86,1
-154,-93,3
-157,-97,3
25,-76,1
-156,-107,3
-154,-114,3
-46,12,2
159,171,0
-59,32,2
3,-80,1
32,-76,1
13,-90,1
189,166,0
-158,-102,3
-170,-113,3
-143,-94,3
16,-75,1
16,-62,1
-51,18,2
-163,-93,3
-147,-104,3
163,174,0
25,-85,1
162,172,0
17,-73,1
22,-78,1
-42,10,2
-163,-119,3
-31,18,2
-149,-105,3
-158,-99,3
24,-88,1
-119,-92,3
-150,-107,3
-156,-113,3
23,-59,1
184,156,0
13,-74,1
10,-69,1
175,169,0
-53,19,2
7,-74,1
-149,-90,3
-57,18,2
8,-80,1
-148,-99,3
-140,-86,3
27,-88,1
-57,26,2
-41,12,2
-45,40,2
-52,14,2
24,-91,1
13,-76,1
-142,-106,3
-39,24,2
-41,26,2
192,163,0
-46,20,2
-57,25,2
182,169,0
-44,-3,2
173,164,0
-154,-105,3
-162,-103,3
-157,-98,3
-177,-97,3
-161,-111,3
-31,15,2
-127,-104,3
-63,17,2
179,191,0
22,-88,1
-60,26,2
-49,14,2
194,186,0
16,-80,1
177,171,0
21,-91,1
36,-90,1
20,-88,1
171,170,0
36,-93,1
-148,-93,3
-157,-109,3
-161,-100,3
-146,-109,3
21,-79,1
182,168,0
14,-88,1
-45,9,2
10,-62,1
-62,2,2
-40,32,2
173,171,0
184,178,0
-142,-95,3
-150,-95,3
-134,-97,3
26,-76,1
-63,40,2
-47,26,2
-51,24,2
5,-70,1
-47,13,2
17,-71,1
11,-73,1
-56,24,2
172,166,0
180,177,0
-50,20,2
-34,16,2
175,176,0
-62,17,2
28,-68,1
-56,14,2
-54,11,2
4,-79,1
-162,-103,3
42,-84,1
-167,-107,3
182,153,0
9,-82,1
-51,20,2
-29,20,2
-156,-104,3
41,-93,1
184,165,0
3,-81,1
176,167,0
-150,-109,3
183,181,0
12,-68,1
22,-97,1
186,157,0
23,-83,1
-159,-96,3
-154,-84,3
-153,-105,3
-141,-91,3
188,161,0
16,-77,1
34,-85,1
-165,-99,3
171,175,0
-149,-106,3
-50,8,2
23,-81,1
-140,-111,3
-166,-98,3
-61,4,2
-36,32,2
178,169,0
165,173,0
168,172,0
-44,21,2
-140,-91,3
34,-58,1
-154,-99,3
182,156,0
-39,13,2
-55,7,2
28,-75,1
-135,-100,3
-51,4,2
15,-84,1
171,173,0
192,166,0
-133,-99,3
167,163,0
-66,8,2
21,-80,1
177,176,0
25,-74,1
17,-99,1
-153,-106,3
-49,15,2
168,170,0
-48,16,2
181,174,0
-61,-4,2
-160,-114,3
24,-85,1
15,-75,1
-149,-99,3
-156,-100,3
-150,-121,3
15,-78,1
-48,15,2
175,170,0
32,-83,1
-131,-107,3
185,184,0
172,173,0
-31,13,2
-45,22,2
173,181,0
26,-88,1
3,-94,1
-54,22,2
177,173,0
-138,-108,3
38,-78,1
-155,-99,3
-59,23,2
1,-67,1
170,175,0
-38,28,2
-63,30,2
13,-72,1
29,-89,1
169,171,0
-165,-119,3
21,-69,1
-65,15,2
-48,23,2
-154,-111,3
16,-71,1
-55,19,2
170,192,0
-45,36,2
179,162,0
178,184,0
-147,-107,3
46,-79,1
9,-83,1
22,-99,1
-164,-94,3
3,-79,1
-147,-103,3
168,172,0
-70,32,2
173,170,0
-153,-92,3
-151,-111,3
-36,17,2
173,175,0
-63,25,2
1,-69,1
-164,-110,3
187,190,0
-57,16,2
164,176,0
-144,-87,3
-150,-92,3
179,179,0
178,176,0
181,181,0
182,158,0
-150,-104,3
-49,21,2
-133,-95,3
27,-78,1
-54,24,2
30,-80,1
-151,-107,3
-57,9,2
-49,13,2
-65,29,2
-43,3,2
47,-83,1
-57,11,2
13,-83,1
33,-84,1
195,173,0
196,173,0
190,167,0
179,164,0
-159,-101,3
-141,-91,3
-39,26,2
186,167,0
25,-94,1
-68,17,2
-160,-100,3
-50,13,2
-156,-108,3
-141,-101,3
-139,-109,3
-145,-91,3
-44,39,2
-52,24,2
175,162,0
-53,14,2
-60,19,2
-37,8,2
26,-84,1
160,175,0
-155,-100,3
24,-73,1
-48,28,2
193,159,0
17,-84,1
-141,-85,3
-56,23,2
20,-72,1
8,-80,1
18,-75,1
-65,30,2
176,182,0
-65,16,2
-156,-98,3
-142,-95,3
10,-90,1
160,190,0
15,-90,1
170,177,0
165,165,0
-153,-110,3
174,173,0
19,-82,1
175,171,0
-39,20,2
-42,11,2
-151,-105,3
8,-92,1
22,-56,1
-6,-68,1
-34,31,2
40,-76,1
-59,31,2
-140,-113,3
164,168,0
28,-92,1
-152,-98,3
-168,-91,3
27,-76,1
-76,17,2
-57,10,2
10,-64,1
-161,-110,3
188,164,0
-147,-91,3
166,169,0
33,-90,1
-147,-108,3
-55,9,2
17,-78,1
6,-94,1
-44,13,2
185,182,0
183,152,0
165,175,0
184,167,0
-134,-96,3
33,-108,1
181,188,0
187,170,0
-133,-107,3
173,186,0
12,-104,1
24,-70,1
25,-81,1
-136,-93,3
188,173,0
15,-72,1
-63,18,2
6,-59,1
-37,9,2
25,-73,1
-54,26,2
164,162,0
17,-84,1
18,-53,1
-46,26,2
37,-80,1
-165,-103,3
-155,-116,3
0,-59,1
178,173,0
-43,15,2
187,166,0
8,-68,1
175,177,0
178,163,0
-145,-89,3
187,181,0
5,-72,1
23,-72,1
32,-81,1
-152,-90,3
-38,23,2
14,-92,1
-55,25,2
-48,39,2
-158,-104,3
5,-78,1
-166,-84,3
175,175,0
-144,-97,3
167,159,0
-45,19,2
-53,33,2
-155,-106,3
-51,3,2
-55,7,2
6,-71,1
17,-94,1
25,-91,1
12,-90,1
-41,21,2
-148,-94,3
-138,-122,3
-61,24,2
-62,23,2
171,160,0
172,174,0
181,171,0
14,-88,1
23,-79,1
181,185,0
13,-82,1
175,151,0
-157,-102,3
-52,18,2
-56,11,2
169,163,0
24,-92,1
197,162,0
27,-73,1
-45,20,2
165,163,0
-138,-94,3
175,179,0
-164,-103,3
-44,15,2
-145,-110,3
177,171,0
186,165,0
31,-68,1
-169,-111,3
-143,-94,3
-40,22,2
170,172,0
157,160,0
32,-92,1
-146,-95,3
18,-86,1
31,-94,1
-169,-96,3
-39,32,2
-46,28,2
189,176,0
22,-68,1
-51,26,2
-124,-93,3
28,-84,1
158,143,0
-154,-103,3
-151,-84,3
16,-70,1
34,-88,1
-147,-112,3
-49,22,2
177,188,0
10,-72,1
-165,-91,3
23,-85,1
28,-63,1
189,160,0
-54,22,2
184,166,0
174,180,0
21,-66,1
16,-75,1
-156,-90,3
-40,12,2
172,141,0
-151,-103,3
177,167,0
-137,-100,3
-153,-94,3
-149,-80,3
13,-76,1
16,-82,1
167,171,0
-61,8,2
-149,-113,3
-52,20,2
19,-73,1
-32,13,2
192,171,0
-36,17,2
-137,-95,3
1,-79,1
173,171,0
17,-88,1
18,-84,1
179,173,0
174,193,0
-2,-94,1
-47,37,2
29,-83,1
-56,31,2
16,-73,1
-48,26,2
-59,32,2
11,-86,1
-142,-97,3
7,-90,1
-33,18,2
-137,-95,3
-53,6,2
-66,22,2
-143,-95,3
-61,19,2
-70,22,2
16,-86,1
173,156,0
-137,-89,3
182,176,0
-37,29,2
-158,-106,3
-160,-104,3
5,-79,1
-132,-97,3
166,184,0
179,158,0
179,169,0
175,157,0
22,-78,1
-47,30,2
-51,17,2
-38,26,2
-151,-92,3
185,147,0
184,163,0
7,-69,1
161,172,0
-45,27,2
-150,-86,3
173,156,0
-42,20,2
-162,-109,3
-144,-106,3
5,-79,1
177,177,0
-136,-122,3
20,-100,1
13,-102,1
-132,-100,3
-50,21,2
-140,-102,3
-40,10,2
165,187,0
12,-85,1
-69,4,2
195,187,0
26,-106,1
166,183,0
3,-91,1
-149,-99,3
-142,-90,3
173,161,0
-136,-98,3
32,-73,1
-137,-125,3
-59,32,2
11,-93,1
-51,12,2
23,-80,1
-63,15,2
-148,-101,3
20,-73,1
176,150,0
189,171,0
9,-65,1
-141,-108,3
29,-85,1
-150,-90,3
184,169,0
32,-73,1
-156,-102,3
-146,-90,3
-57,9,2
19,-92,1
186,170,0
23,-59,1
174,177,0
-148,-106,3
-149,-92,3
-146,-101,3
15,-90,1
-136,-95,3
-37,11,2
35,-77,1
182,165,0
193,168,0
-41,40,2
-152,-92,3
-153,-76,3
-44,32,2
-148,-101,3
12,-53,1
172,164,0
194,168,0
-57,14,2
-152,-112,3
188,180,0
-46,22,2
26,-89,1
12,-89,1
40,-76,1
30,-83,1
-49,27,2
-57,36,2
28,-60,1
40,-86,1
-158,-103,3
-45,18,2
191,156,0
-71,30,2
20,-60,1
163,164,0
174,182,0
25,-78,1
170,172,0
177,176,0
-144,-101,3
-140,-95,3
-51,22,2
189,153,0
-141,-114,3
-54,12,2
27,-99,1
182,170,0
17,-93,1
-46,8,2
172,176,0
-42,28,2
170,180,0
170,168,0
16,-70,1
-54,21,2
-66,11,2
169,165,0
-162,-106,3
-134,-95,3
-35,22,2
19,-83,1
-151,-89,3
-165,-103,3
-139,-100,3
-145,-104,3
192,184,0
25,-91,1
-156,-120,3
35,-104,1
28,-87,1
20,-67,1
178,177,0
-150,-97,3
188,172,0
-156,-88,3
-144,-99,3
182,174,0
-151,-103,3
10,-83,1
-53,25,2
183,160,0
174,155,0
-148,-112,3
193,183,0
-62,25,2
-158,-106,3
189,185,0
33,-77,1
186,171,0
-58,21,2
12,-73,1
25,-83,1
-45,22,2
-163,-91,3
-48,9,2
14,-80,1
26,-80,1
24,-78,1
26,-65,1
-134,-98,3
-170,-103,3
173,160,0
-40,12,2
-162,-109,3
-57,19,2
-49,5,2
182,166,0
-50,29,2
-47,12,2
-55,31,2
-127,-99,3
10,-86,1
-141,-91,3
-55,28,2
189,167,0
-154,-94,3
192,175,0
-52,15,2
-38,15,2
164,182,0
-153,-116,3
13,-103,1
-142,-87,3
197,167,0
-162,-93,3
-162,-105,3
178,160,0
-151,-101,3
19,-65,1
8,-78,1
42,-82,1
-48,32,2
20,-79,1
-65,16,2
181,166,0
191,161,0
186,171,0
-155,-114,3
-146,-109,3
14,-92,1
31,-61,1
164,182,0
14,-59,1
-151,-92,3
180,191,0
-152,-115,3
13,-98,1
15,-91,1
-165,-120,3
14,-73,1
167,150,0
-146,-112,3
-146,-112,3
-56,8,2
-52,23,2
173,167,0
186,150,0
183,186,0
21,-85,1
162,158,0
190,160,0
192,152,0
-39,26,2
18,-94,1
192,161,0
11,-68,1
-58,5,2
24,-81,1
-35,49,2
-147,-80,3
196,163,0
12,-89,1
-52,4,2
12,-80,1
-39,12,2
-150,-120,3
-58,1,2
-34,18,2
189,176,0
-147,-99,3
-51,29,2
-147,-93,3
192,148,0
-65,35,2
-33,27,2
179,166,0
181,181,0
30,-70,1
-41,5,2
-47,17,2
168,146,0
-65,19,2
-56,26,2
-159,-95,3
-62,2,2
-155,-87,3
-150,-104,3
180,186,0
-44,10,2
167,180,0
-143,-99,3
-135,-95,3
26,-71,1
193,164,0
-174,-111,3
175,151,0
189,170,0
167,172,0
-46,26,2
173,174,0
20,-85,1
34,-84,1
-68,29,2
167,177,0
149,170,0
-39,21,2
27,-69,1
26,-91,1
186,183,0
-156,-123,3
-167,-87,3
26,-85,1
-50,0,2
7,-78,1
189,170,0
169,161,0
191,157,0
-41,15,2
-149,-109,3
-146,-106,3
-58,13,2
-45,25,2
-42,15,2
-148,-97,3
14,-80,1
167,160,0
17,-75,1
-156,-88,3
193,157,0
-67,25,2
185,166,0
-45,21,2
-56,20,2
11,-75,1
-55,34,2
1,-62,1
179,164,0
164,180,0
-58,18,2
186,174,0
188,182,0
25,-85,1
-146,-88,3
13,-103,1
11,-63,1
186,163,0
28,-82,1
165,163,0
-145,-104,3
164,187,0
-162,-81,3
19,-83,1
-154,-131,3
179,167,0
28,-79,1
171,153,0
193,167,0
197,159,0
176,159,0
-164,-114,3
182,179,0
21,-72,1
26,-67,1
-148,-121,3
-57,37,2
17,-84,1
189,163,0
29,-68,1
187,174,0
194,166,0
196,165,0
-50,10,2
-39,12,2
181,178,0
-56,42,2
-158,-106,3
