X,Y,GRUP
-52,37,2
190,157,0
-143,-110,3
182,158,0
110,-26,6
145,-107,7
-71,-67,5
-153,-98,3
-75,-82,5
137,-117,7
113,-114,7
35,-83,1
175,156,0
114,-21,6
-169,-168,4
172,175,0
-77,-78,5
26,-79,1
-53,28,2
177,164,0
-170,-178,4
-33,28,2
133,-23,6
24,-83,1
34,-61,1
22,-88,1
-52,2,2
21,-81,1
-165,-162,4
-139,-95,3
-146,-96,3
-174,-174,4
-132,-106,3
-163,-170,4
-169,-168,4
-31,27,2
193,180,0
31,-79,1
-144,-84,3
128,-121,7
-69,-64,5
-46,29,2
121,-9,6
129,-106,7
198,165,0
-59,17,2
177,174,0
21,-79,1
25,-66,1
-160,-167,4
-54,23,2
-67,-70,5
-168,-177,4
25,-85,1
125,-8,6
-149,-87,3
-167,-174,4
128,-121,7
126,-15,6
-167,-178,4
-159,-172,4
-68,-86,5
-157,-97,3
-171,-88,3
134,-17,6
-59,-79,5
114,-111,7
-71,-80,5
-173,-166,4
112,-29,6
17,-80,1
118,-26,6
113,-27,6
184,168,0
13,-83,1
8,-80,1
146,-119,7
-176,-168,4
124,-128,7
118,-27,6
145,-16,6
-174,-166,4
-177,-164,4
172,176,0
-36,31,2
-148,-101,3
23,-73,1
182,171,0
-83,-77,5
127,-6,6
125,-131,7
-161,-119,3
-164,-176,4
-143,-94,3
13,-85,1
-73,-69,5
132,-120,7
136,-101,7
110,-47,6
189,168,0
-161,-178,4
-174,-170,4
160,171,0
-74,-60,5
182,177,0
-171,-167,4
-147,-92,3
-52,30,2
-137,-113,3
-62,-88,5
131,-30,6
178,172,0
-172,-176,4
22,-67,1
-161,-172,4
-143,-106,3
34,-97,1
-158,-93,3
20,-82,1
-60,3,2
-165,-174,4
-141,-101,3
-33,13,2
-62,-10,2
-58,7,2
-147,-94,3
5,-84,1
-65,20,2
-60,-69,5
21,-75,1
-172,-164,4
140,-116,7
122,-33,6
176,172,0
-38,14,2
-153,-96,3
-154,-103,3
120,-37,6
190,164,0
-66,-86,5
-47,-67,5
178,160,0
117,-129,7
104,-22,6
184,168,0
120,-40,6
-62,-71,5
22,-84,1
-56,20,2
112,-16,6
-163,-106,3
29,-83,1
124,-116,7
-83,-70,5
-73,-93,5
20,-77,1
153,-109,7
128,-20,6
-162,-173,4
168,161,0
-166,-171,4
122,-117,7
113,0,6
132,-17,6
-42,9,2
-82,-56,5
177,167,0
-177,-173,4
134,-127,7
189,174,0
124,-6,6
-150,-101,3
181,172,0
144,-145,7
-150,-98,3
133,-20,6
118,-20,6
136,-15,6
-52,20,2
-66,-86,5
184,171,0
24,-96,1
183,182,0
-52,18,2
-170,-174,4
-69,-73,5
-63,-88,5
178,170,0
-134,-102,3
-169,-173,4
166,181,0
-148,-122,3
31,-56,1
143,-128,7
126,-24,6
-172,-177,4
-173,-172,4
-155,-116,3
-139,-96,3
-137,-98,3
174,165,0
-77,-86,5
122,-13,6
-82,-72,5
-173,-176,4
136,-122,7
-154,-94,3
133,-118,7
116,-25,6
16,-80,1
195,164,0
142,-108,7
118,-28,6
111,-32,6
-156,-90,3
148,-115,7
22,-64,1
-134,-104,3
-177,-117,3
-58,-80,5
-61,25,2
190,160,0
111,-26,6
14,-69,1
-166,-98,3
-68,-80,5
-151,-92,3
-72,-101,5
-119,-90,3
111,-3,6
141,-126,7
-63,-71,5
119,-116,7
176,178,0
188,174,0
174,172,0
139,-121,7
20,-73,1
144,-125,7
-167,-164,4
134,-124,7
-171,-170,4
18,-98,1
18,-94,1
-85,-95,5
140,-114,7
-57,-86,5
26,-78,1
174,155,0
102,-5,6
122,-17,6
-70,20,2
126,-115,7
-155,-104,3
-163,-162,4
124,-30,6
136,-23,6
110,-20,6
1,-79,1
-169,-172,4
132,-118,7
-133,-103,3
-68,-71,5
-144,-98,3
-170,-180,4
-156,-98,3
-67,22,2
-168,-85,3
-65,-168,4
-164,-167,4
-163,-168,4
-55,18,2
176,177,0
-133,-92,3
124,-114,7
117,-113,7
-175,-173,4
-167,-171,4
-164,-180,4
-65,-77,5
24,-84,1
-167,-169,4
177,179,0
-167,-100,3
180,166,0
111,-19,6
142,-104,7
162,174,0
-51,16,2
-44,24,2
134,-138,7
123,-10,6
121,-35,6
168,172,0
112,-13,6
-53,19,2
-59,12,2
-40,29,2
-133,-106,3
26,-67,1
-45,29,2
-63,-73,5
194,158,0
128,-133,7
172,187,0
-168,-170,4
122,-128,7
123,-32,6
-82,-96,5
180,165,0
18,-75,1
119,-118,7
123,-11,6
-56,-92,5
-55,-77,5
-169,-180,4
-159,-97,3
-70,-86,5
188,160,0
137,-133,7
-44,5,2
-172,-171,4
143,-18,6
-87,-69,5
185,183,0
-146,-82,3
141,-7,6
129,-123,7
-149,-97,3
-174,-169,4
189,168,0
-67,-83,5
-32,22,2
8,-66,1
-38,12,2
-54,13,2
125,-32,6
-83,-81,5
144,-123,7
-161,-97,3
-82,-84,5
-86,-99,5
7,-87,1
42,-72,1
119,-119,7
-144,-85,3
-56,24,2
-141,-100,3
-127,-90,3
-153,-109,3
-61,-75,5
175,164,0
118,-9,6
123,-107,7
171,156,0
-75,-86,5
20,-85,1
95,-12,6
-175,-167,4
-153,-96,3
-169,-171,4
142,-121,7
126,-109,7
-26,16,2
-62,-81,5
136,-2,6
-48,31,2
-170,-169,4
-63,-77,5
24,-67,1
-177,-177,4
30,-85,1
179,157,0
-61,-95,5
125,-12,6
186,174,0
-69,-100,5
-169,-170,4
120,-120,7
-160,-92,3
168,164,0
124,-12,6
-167,-165,4
-169,-164,4
113,-134,7
-136,-115,3
33,-70,1
-53,19,2
116,-12,6
30,-80,1
-161,-167,4
-162,-167,4
-63,-66,5
127,-117,7
178,161,0
-128,-120,3
-64,-84,5
171,180,0
176,178,0
165,155,0
1,-70,1
17,-62,1
123,-130,7
-49,11,2
-174,-115,3
128,-119,7
-168,-170,4
-156,-108,3
134,-124,7
189,183,0
118,-117,7
112,-12,6
-88,-72,5
-172,-165,4
31,-79,1
115,-99,7
15,-88,1
115,-12,6
-163,-167,4
-20,-78,5
31,-73,1
32,-78,1
-54,-87,5
111,-26,6
130,-15,6
-52,46,2
-171,-175,4
-175,-175,4
-77,-75,5
23,-77,1
-77,-84,5
-85,-91,5
178,179,0
-155,-99,3
127,-128,7
-142,-101,3
177,174,0
117,-43,6
-37,28,2
-60,9,2
20,-84,1
-176,-170,4
-73,-90,5
-30,20,2
136,-125,7
-75,-81,5
117,-27,6
-167,-173,4
182,170,0
37,-78,1
-56,16,2
189,162,0
125,-32,6
23,-75,1
-163,-164,4
-59,48,2
-165,-177,4
4,-73,1
-46,41,2
137,-19,6
-46,22,2
17,-93,1
103,-3,6
-46,22,2
127,-4,6
-67,25,2
-155,-103,3
180,165,0
117,-130,7
-166,-170,4
127,-27,6
-61,-94,5
124,-128,7
-74,-67,5
140,-117,7
-53,23,2
181,170,0
139,-28,6
-86,-76,5
114,-117,7
23,-84,1
17,-87,1
16,-75,1
-151,-94,3
-91,-83,5
177,183,0
118,-1,6
-141,-92,3
-155,-97,3
117,-19,6
24,-80,1
191,168,0
-142,-113,3
-177,-169,4
-161,-171,4
-65,-73,5
183,169,0
-132,-82,3
-167,-171,4
20,-91,1
-40,19,2
-150,-100,3
-58,-78,5
-146,-102,3
-43,10,2
138,-121,7
134,-18,6
169,167,0
132,-127,7
113,-24,6
133,-22,6
-37,4,2
-169,-172,4
-67,-74,5
127,-111,7
-157,-94,3
138,-120,7
-32,21,2
195,176,0
150,-121,7
124,-27,6
114,-12,6
184,155,0
127,-138,7
-66,-55,5
180,175,0
-51,14,2
122,-113,7
127,-134,7
-165,-176,4
176,168,0
-64,-89,5
179,166,0
141,-116,7
130,-117,7
-53,21,2
131,-125,7
125,-126,7
-48,21,2
-50,26,2
-66,-78,5
29,-85,1
-74,-93,5
-175,-166,4
-73,-91,5
198,167,0
-46,9,2
-54,26,2
135,-21,6
129,-16,6
147,-121,7
123,-116,7
-30,5,2
19,-87,1
191,168,0
-166,-175,4
107,-24,6
-135,-86,3
10,-80,1
-132,-105,3
-150,-79,3
1,-87,1
131,-123,7
-40,30,2
193,185,0
-67,-62,5
-41,-1,2
15,-75,1
-159,-174,4
98,-11,6
193,181,0
125,-5,6
124,-124,7
-49,13,2
118,-121,7
-169,-172,4
117,-23,6
185,171,0
-145,-98,3
183,168,0
-174,-108,3
108,-5,6
-83,-88,5
28,-101,1
183,165,0
30,-107,1
132,-125,7
169,176,0
-168,-165,4
-135,-107,3
-170,-165,4
17,-79,1
-76,-88,5
-165,-164,4
-169,-174,4
-58,15,2
-143,-93,3
178,160,0
25,-81,1
118,-28,6
-71,13,2
-55,-90,5
-157,-102,3
125,-121,7
173,176,0
103,-17,6
6,-76,1
-76,-74,5
-55,-86,5
123,-31,6
-170,-163,4
-173,-168,4
-153,-93,3
-173,-172,4
140,-128,7
138,-125,7
160,181,0
-171,-162,4
127,-129,7
135,-103,7
187,167,0
-84,-79,5
-71,-73,5
126,-119,7
120,-25,6
-172,-174,4
127,-14,6
181,176,0
-174,-181,4
10,-70,1
-77,-82,5
13,-75,1
123,-21,6
142,-117,7
-179,-172,4
179,178,0
-46,19,2
177,169,0
-49,34,2
137,-3,6
105,-18,6
132,7,6
-67,-74,5
36,-89,1
7,-59,1
125,-143,7
137,-122,7
-72,-94,5
-163,-179,4
-147,-81,3
115,-97,7
-152,-108,3
-174,-82,3
-145,-103,3
-57,25,2
37,-71,1
-149,-102,3
114,-32,6
120,-128,7
174,177,0
134,-18,6
-66,-102,5
111,-139,7
-172,-166,4
126,-104,7
139,-124,7
182,168,0
14,-66,1
127,-33,6
6,-76,1
-174,-168,4
186,172,0
-136,-108,3
129,-8,6
100,-28,6
-64,-76,5
118,-18,6
-170,-184,4
188,164,0
-80,-94,5
136,-30,6
-155,-109,3
116,-9,6
119,-17,6
194,168,0
184,141,0
-143,-92,3
-52,-77,5
-148,-88,3
-169,-92,3
118,-135,7
181,163,0
-150,-108,3
-151,-94,3
-154,-100,3
174,181,0
-89,-81,5
-169,-184,4
-50,25,2
1,-79,1
116,-24,6
119,-21,6
5,-89,1
-151,-108,3
-50,12,2
-34,5,2
-173,-173,4
-156,-95,3
-168,-174,4
-74,-82,5
20,-68,1
-42,2,2
102,-16,6
-160,-90,3
-42,20,2
7,-77,1
-73,-84,5
10,-57,1
-79,-81,5
0,-77,1
-50,16,2
-149,-111,3
119,-24,6
20,-76,1
-59,-87,5
-165,-173,4
187,156,0
-75,-68,5
146,-117,7
188,169,0
182,187,0
118,-29,6
-59,-76,5
116,-25,6
-160,-108,3
174,181,0
138,-131,7
128,-31,6
10,-85,1
157,-111,7
129,-129,7
-171,-172,4
-71,-99,5
135,-116,7
-66,-84,5
183,166,0
99,-39,6
-147,-102,3
31,-69,1
19,-80,1
113,-23,6
138,-28,6
-55,-4,2
-179,-171,4
-58,-80,5
-147,-111,3
-59,-102,5
-65,-79,5
24,-100,1
-65,21,2
-56,26,2
124,-35,6
-144,-97,3
128,-113,7
-55,8,2
-48,30,2
117,-40,6
127,-128,7
-166,-87,3
-153,-94,3
173,194,0
177,169,0
-177,-170,4
22,-79,1
-162,-102,3
157,-124,7
173,164,0
131,-120,7
-140,-97,3
121,-16,6
-72,-85,5
128,-97,7
-172,-169,4
-142,-100,3
-57,-66,5
-166,-174,4
-129,-92,3
102,-119,7
135,-19,6
142,-118,7
184,163,0
43,-78,1
-147,-110,3
-175,-163,4
190,177,0
-47,-93,5
20,-72,1
-51,-76,5
-75,-78,5
-179,-164,4
-62,-82,5
-153,-92,3
-85,-75,5
182,158,0
22,-88,1
145,-120,7
-59,36,2
190,169,0
-66,-77,5
-131,-107,3
131,-12,6
104,-120,7
32,-82,1
121,-35,6
-168,-170,4
135,-125,7
-53,16,2
-167,-174,4
20,-80,1
113,-35,6
145,-116,7
129,-110,7
186,170,0
-77,-80,5
30,-80,1
-169,-177,4
-55,-64,5
-75,-60,5
136,-119,7
2,-92,1
122,-17,6
19,-67,1
-68,-85,5
119,-4,6
104,-25,6
-44,-8,2
30,-91,1
-140,-111,3
180,155,0
134,-116,7
15,-99,1
-167,-89,3
-76,-80,5
21,-76,1
120,-19,6
176,181,0
-41,21,2
18,-87,1
-172,-173,4
-45,20,2
-48,23,2
-169,-171,4
-52,9,2
186,156,0
178,170,0
-151,-115,3
-144,-107,3
128,-127,7
101,-3,6
-38,10,2
-71,-82,5
-69,-86,5
-154,-106,3
140,-114,7
124,-16,6
-151,-100,3
145,-119,7
165,178,0
-173,-167,4
133,-108,7
140,-128,7
-66,-90,5
181,160,0
-150,-101,3
-67,22,2
-173,-176,4
116,-6,6
169,174,0
124,-37,6
183,165,0
188,174,0
-65,5,2
-72,-88,5
22,-78,1
-164,-170,4
-163,-103,3
135,-140,7
177,169,0
-139,-84,3
-147,-105,3
123,-30,6
133,-119,7
-55,-94,5
120,-16,6
31,-83,1
138,-19,6
-1,-79,1
-53,7,2
-146,-93,3
-167,-163,4
22,-68,1
-54,-84,5
-165,-169,4
16,-97,1
-135,-95,3
26,-88,1
-66,-80,5
132,-105,7
-87,-90,5
119,-110,7
-94,-86,5
-48,14,2
134,-137,7
-51,2,2
-151,-105,3
-74,-81,5
145,-130,7
195,178,0
-140,-90,3
-67,-75,5
-172,-165,4
121,-33,6
135,-129,7
-161,-96,3
122,-28,6
-61,18,2
-164,-176,4
129,-30,6
171,166,0
-153,-108,3
-167,-171,4
11,-82,1
-66,-88,5
29,-89,1
-42,20,2
-152,-113,3
30,-73,1
-55,5,2
161,171,0
-175,-173,4
196,180,0
-160,-99,3
-36,20,2
-154,-96,3
-42,28,2
-166,-165,4
-155,-95,3
-45,7,2
-176,-169,4
116,-20,6
-142,-113,3
133,-119,7
-65,23,2
99,-26,6
127,-130,7
-38,14,2
137,-121,7
-164,-166,4
168,166,0
-37,47,2
-35,10,2
-155,-106,3
-148,-105,3
-73,-80,5
121,-16,6
118,-11,6
192,182,0
170,190,0
107,-78,6
174,169,0
-34,25,2
15,-78,1
131,-114,7
28,-93,1
-82,-98,5
-44,-5,2
-63,-84,5
35,-85,1
126,-6,6
132,-122,7
-64,26,2
-53,10,2
112,-17,6
-39,15,2
124,-31,6
191,181,0
117,-25,6
-46,35,2
-51,28,2
118,-131,7
-69,-88,5
11,-83,1
20,-72,1
116,-100,7
-72,-74,5
-164,-165,4
-63,-69,5
180,159,0
182,158,0
-140,-104,3
-50,19,2
167,182,0
172,173,0
182,163,0
-65,-58,5
180,168,0
-68,-76,5
10,-104,1
-164,-164,4
120,-29,6
140,-122,7
-174,149,4
-176,-170,4
136,-17,6
23,-90,1
-55,-77,5
112,-111,7
-163,-92,3
-181,-175,4
144,-115,7
19,-81,1
-173,-174,4
186,164,0
26,-73,1
-175,-175,4
-173,-170,4
-168,-176,4
18,-76,1
188,189,0
174,164,0
124,-14,6
160,167,0
-149,-92,3
192,174,0
-148,-106,3
-67,-92,5
119,7,6
21,-83,1
125,-119,7
-169,-107,3
-88,-76,5
171,162,0
12,-91,1
23,-76,1
-90,-93,5
32,-79,1
-166,-169,4
-148,-109,3
133,-129,7
112,-12,6
-171,-165,4
10,-74,1
179,165,0
114,-37,6
-147,-90,3
112,-19,6
173,161,0
172,191,0
-123,-96,3
135,-17,6
-62,8,2
-169,-172,4
-157,-101,3
190,181,0
-166,-178,4
126,-106,7
-162,-164,4
188,170,0
9,-71,1
38,-73,1
-137,-92,3
132,-117,7
-146,-76,3
-124,-108,3
124,-118,7
17,-97,1
137,-127,7
14,-83,1
176,155,0
193,183,0
-170,-106,3
-165,-169,4
-172,-173,4
-68,-89,5
-34,17,2
151,-143,7
-165,-101,3
-63,-87,5
18,-88,1
29,-80,1
18,-77,1
185,170,0
-57,-83,5
23,-89,1
-95,-75,5
177,158,0
3,-80,1
-151,-99,3
-53,29,2
-64,14,2
174,163,0
-44,24,2
-151,-108,3
-176,-177,4
-153,-93,3
18,-70,1
-141,-90,3
21,-73,1
176,176,0
161,167,0
-144,-91,3
-57,15,2
-148,-117,3
140,-119,7
-167,-165,4
122,-32,6
14,-73,1
-23,22,2
-172,-172,4
34,-69,1
-161,-174,4
-82,-48,5
-146,-101,3
16,-82,1
-165,-173,4
-57,35,2
-153,-110,3
118,-29,6
-180,-168,4
-69,-74,5
-133,-85,3
126,-29,6
128,-129,7
184,174,0
-69,-82,5
-171,-173,4
100,-25,6
125,-112,7
131,-31,6
-85,-103,5
118,-108,7
189,170,0
16,-84,1
-83,-72,5
129,-115,7
-63,9,2
176,173,0
-141,-90,3
116,-25,6
-160,-106,3
-170,-165,4
113,1,6
-162,-96,3
-60,30,2
-82,-74,5
-147,-102,3
191,162,0
114,-4,6
179,171,0
-175,-171,4
188,178,0
107,-3,6
-149,-92,3
-167,-172,4
-148,-100,3
9,-72,1
-1,-71,1
-85,-80,5
128,-109,7
-31,19,2
-57,21,2
-58,-69,5
39,-66,1
-169,-171,4
167,173,0
107,-125,7
123,-123,7
173,161,0
23,-75,1
122,-113,7
177,184,0
129,-119,7
123,-21,6
-70,-86,5
-90,-84,5
22,-84,1
-173,-160,4
-144,-119,3
104,-8,6
-82,-87,5
-134,-97,3
-173,-167,4
159,174,0
32,-85,1
178,175,0
-25,34,2
-67,-82,5
-168,-168,4
141,-116,7
-76,-66,5
172,194,0
-76,-91,5
32,-79,1
39,-78,1
192,186,0
19,-82,1
-172,-103,3
-167,-122,3
33,-82,1
117,-18,6
-176,-174,4
33,-86,1
-144,-94,3
106,-27,6
-147,-91,3
-29,9,2
116,-11,6
-156,-100,3
-166,-170,4
128,-123,7
-47,21,2
-172,-165,4
179,189,0
29,-78,1
-166,-167,4
-173,-167,4
9,-65,1
121,5,6
-175,-174,4
6,-80,1
-160,-90,3
-65,-83,5
190,160,0
140,-120,7
-36,34,2
-44,37,2
136,-124,7
-158,-90,3
-77,-87,5
-79,-74,5
-168,-173,4
186,184,0
192,190,0
131,-123,7
135,-29,6
182,176,0
-155,-85,3
-155,-113,3
-139,-112,3
-153,-88,3
-52,23,2
-167,-171,4
172,189,0
131,-19,6
26,-89,1
-77,-62,5
16,-83,1
121,-4,6
-155,-100,3
137,-107,7
-141,-107,3
125,-28,6
26,-98,1
-111,-6,6
-145,-114,3
-177,-168,4
-51,-70,5
-47,36,2
177,157,0
132,-128,7
11,-86,1
-165,-161,4
176,166,0
-153,-90,3
10,-95,1
-64,-75,5
31,-91,1
112,-24,6
115,-16,6
119,-13,6
20,-91,1
28,-84,1
-76,-66,5
-154,-94,3
191,159,0
184,183,0
132,-19,6
-24,15,2
-68,-65,5
-143,-108,3
112,-17,6
23,-78,1
120,-26,6
-55,16,2
-42,27,2
-168,-171,4
119,-7,6
-148,-114,3
6,-82,1
118,-11,6
140,-118,7
-70,-99,5
-137,-99,3
-57,-75,5
124,-104,7
-162,-111,3
122,-129,7
-76,-67,5
-169,-171,4
-170,-166,4
-174,-175,4
-144,-103,3
174,158,0
-78,-89,5
-161,-165,4
12,-75,1
-147,-107,3
-158,-110,3
-155,-119,3
21,-84,1
-132,-101,3
-40,6,2
-167,-165,4
-53,-85,5
-53,-72,5
-172,-172,4
-62,36,2
-70,-89,5
123,-31,6
126,-30,6
-148,-99,3
-167,-173,4
-166,-89,3
-45,40,2
-70,-92,5
110,-21,6
-139,-93,3
172,155,0
-84,-75,5
113,-34,6
-61,-91,5
130,-115,7
-72,-84,5
127,-36,6
-46,17,2
-51,-71,5
166,192,0
163,173,0
128,-115,7
105,-19,6
124,-20,6
-169,-167,4
180,166,0
107,-14,6
-41,-72,5
110,-21,6
-181,-172,4
185,159,0
-46,16,2
-173,-164,4
-144,-99,3
-170,-177,4
-165,-170,4
150,-20,6
-83,-79,5
177,155,0
-170,-168,4
-155,-85,3
4,-94,1
112,-16,6
114,-19,6
-172,-175,4
116,-11,6
18,-61,1
-168,-175,4
175,187,0
143,-130,7
19,-65,1
26,-63,1
186,168,0
-67,-82,5
188,163,0
156,165,0
175,181,0
168,171,0
129,-130,7
124,-22,6
130,-114,7
124,-116,7
-57,-85,5
-34,29,2
147,-129,7
30,-82,1
180,168,0
16,-68,1
10,-76,1
-175,-174,4
-142,-110,3
127,-105,7
-66,25,2
-146,-89,3
128,-119,7
-156,-91,3
-73,-73,5
-136,-83,3
-56,-78,5
-139,-114,3
-174,-164,4
-63,-78,5
179,155,0
-158,-88,3
189,162,0
-52,25,2
-180,-169,4
-170,-164,4
-63,25,2
-144,-117,3
23,-74,1
-143,-113,3
-66,-73,5
-171,-173,4
185,163,0
33,-88,1
173,178,0
188,166,0
-48,28,2
-177,-168,4
167,162,0
114,-7,6
-154,-88,3
-61,20,2
176,150,0
130,-19,6
-52,-83,5
115,-23,6
-81,-77,5
10,-79,1
-145,-114,3
-69,-62,5
-58,31,2
-169,-174,4
-74,-75,5
174,179,0
197,179,0
-168,-163,4
188,172,0
-173,-172,4
-147,-113,3
14,-64,1
112,-109,7
-173,-173,4
-41,20,2
-138,-96,3
-135,-89,3
127,-11,6
171,167,0
124,-20,6
-153,-90,3
139,-122,7
-65,-76,5
-168,-163,4
144,-11,6
-147,-117,3
136,-138,7
169,192,0
-167,-167,4
132,-23,6
-155,-102,3
-146,-111,3
-123,-87,3
-153,-97,3
17,-64,1
119,-6,6
-156,-97,3
-57,17,2
182,167,0
126,-11,6
174,166,0
-83,-78,5
189,182,0
-47,24,2
-39,29,2
-159,-90,3
16,-84,1
130,-109,7
-158,-113,3
177,166,0
-158,-90,3
-64,34,2
-162,-96,3
138,-130,7
-77,-84,5
123,-27,6
104,1,6
188,169,0
129,-25,6
175,161,0
-154,-108,3
-164,-86,3
-164,-166,4
129,-10,6
129,-16,6
22,-68,1
-5,-74,1
26,-80,1
-135,-115,3
29,-77,1
126,-5,6
125,-24,6
-87,-74,5
-163,-168,4
-174,-169,4
-48,8,2
148,-104,7
123,-24,6
-158,-175,4
-174,-170,4
126,-112,7
125,-21,6
-170,-171,4
-56,22,2
-79,-76,5
7,-76,1
-168,-162,4
-63,19,2
-175,-175,4
13,-82,1
120,-33,6
26,-69,1
-58,21,2
120,-34,6
122,-127,7
-170,-168,4
-174,-169,4
-65,-76,5
-172,-164,4
131,-10,6
25,-75,1
18,-76,1
15,-69,1
189,168,0
40,-64,1
130,-113,7
-141,-108,3
-173,-166,4
112,-10,6
137,-116,7
174,176,0
-67,-78,5
171,186,0
-162,-172,4
174,173,0
-65,30,2
31,-72,1
-63,15,2
-70,7,2
-66,-68,5
138,-111,7
-84,-55,5
49,-91,1
179,186,0
120,-8,6
-49,32,2
-74,-68,5
118,-123,7
-45,13,2
173,173,0
-31,25,2
-57,16,2
-75,-88,5
-151,-103,3
-66,-74,5
-43,12,2
177,180,0
-65,-92,5
24,-92,1
-33,8,2
138,-99,7
-41,17,2
-64,-102,5
179,161,0
169,178,0
103,-11,6
-80,-88,5
110,-31,6
10,-92,1
171,184,0
138,-29,6
-164,-178,4
-65,-91,5
112,-17,6
-154,-114,3
140,-112,7
181,157,0
171,173,0
112,-14,6
181,158,0
-37,16,2
-140,-97,3
8,-84,1
-174,-171,4
101,-23,6
188,170,0
119,-121,7
-82,-84,5
-36,-7,2
185,158,0
142,-119,7
24,-82,1
-163,-168,4
-61,-98,5
-56,27,2
-140,-100,3
122,-112,7
115,-105,7
-152,-85,3
27,-82,1
-170,-167,4
-168,-175,4
191,174,0
-64,21,2
-169,-171,4
17,-78,1
-159,-96,3
-85,-77,5
-159,-88,3
-70,-85,5
-154,-99,3
36,-83,1
17,-97,1
-46,10,2
-83,-79,5
127,-15,6
131,-118,7
-55,25,2
114,-22,6
-173,-171,4
-157,-83,3
-146,-91,3
23,-81,1
23,-83,1
112,-25,6
124,-127,7
-155,-87,3
-30,15,2
-41,24,2
-103,-74,5
134,-32,6
168,175,0
-169,-168,4
179,159,0
31,-61,1
8,-75,1
172,174,0
198,164,0
-157,-88,3
178,172,0
-61,2,2
123,-16,6
22,-80,1
-154,-87,3
-144,-84,3
14,-90,1
-52,10,2
-38,30,2
126,-121,7
126,-17,6
-173,-168,4
132,-23,6
-62,-93,5
37,-64,1
17,-63,1
121,-27,6
128,-119,7
-72,-72,5
136,-20,6
122,-132,7
-141,-117,3
170,174,0
-144,-95,3
108,-21,6
-33,3,2
-159,-94,3
14,-72,1
124,-125,7
-55,19,2
-43,15,2
-168,-174,4
-52,25,2
-176,-93,3
22,-84,1
-162,-174,4
38,-80,1
-176,-170,4
-73,-88,5
112,-28,6
-154,-97,3
-148,-98,3
168,154,0
-172,-160,4
-39,34,2
121,-21,6
-178,-92,3
-56,10,2
-174,-158,4
23,-74,1
-61,-75,5
23,-84,1
129,-36,6
6,-57,1
-31,9,2
-73,-106,5
120,-110,7
185,161,0
139,-107,7
-152,-100,3
-47,-77,5
115,-42,6
-170,-93,3
-42,21,2
133,-109,7
-171,-168,4
-174,-171,4
-70,-68,5
-146,-94,3
174,151,0
-155,-89,3
-53,-91,5
-169,-172,4
31,-70,1
-168,-172,4
-172,-96,3
192,156,0
-68,-85,5
125,-103,7
120,-126,7
123,-29,6
-55,13,2
126,-117,7
131,-136,7
179,162,0
-78,-85,5
-76,-78,5
119,-141,7
139,-1,6
125,-117,7
-86,-83,5
108,-26,6
108,-13,6
-168,-163,4
-171,-163,4
-53,-73,5
133,-121,7
-148,-93,3
193,181,0
133,-22,6
-168,-177,4
181,187,0
13,-66,1
183,167,0
127,-118,7
-55,35,2
-58,-80,5
180,168,0
17,-77,1
150,-121,7
-45,19,2
-63,-60,5
-185,-170,4
169,175,0
137,-126,7
-170,-163,4
-95,-86,5
-47,20,2
-67,-75,5
-83,-71,5
-160,-111,3
-77,-86,5
119,-11,6
20,-58,1
-155,-106,3
-155,-117,3
187,180,0
-164,-105,3
-160,-95,3
133,-114,7
190,166,0
171,161,0
-176,-170,4
117,-28,6
-168,-170,4
-64,23,2
6,-83,1
123,-39,6
-141,-88,3
-59,-68,5
-32,10,2
-175,-163,4
167,165,0
-71,-71,5
-153,-99,3
-3,-71,1
121,-13,6
-138,-93,3
4,-66,1
128,-20,6
-59,25,2
-56,16,2
-171,-174,4
-73,-66,5
-176,-170,4
-151,-92,3
133,-22,6
-67,-83,5
-171,-171,4
-142,-99,3
114,-15,6
136,-135,7
19,-58,1
189,159,0
-75,-80,5
-56,28,2
121,-28,6
16,-78,1
-164,-95,3
-169,-171,4
-177,-168,4
120,-17,6
-68,-84,5
-132,-88,3
-27,33,2
134,-129,7
-145,-97,3
-42,19,2
-72,-86,5
128,-126,7
93,-31,6
121,-130,6
175,172,0
-70,-69,5
-73,-80,5
183,165,0
-62,-89,5
171,183,0
103,6,6
-51,23,2
175,173,0
165,181,0
-66,-85,5
107,-24,6
-169,-163,4
-59,-97,5
-175,-167,4
121,-26,6
-74,-74,5
-157,-98,3
110,-14,6
19,-68,1
31,-77,1
181,176,0
-47,39,2
-162,-168,4
130,-113,7
-60,30,2
17,-70,1
-170,-172,4
-140,-102,3
-167,-175,4
-173,-170,4
171,170,0
135,-128,7
-135,-99,3
-39,15,2
-171,-179,4
-58,16,2
109,-5,6
-63,22,2
-47,6,2
188,146,0
-142,-84,3
128,-24,6
-45,27,2
21,-91,1
-154,-91,3
-62,-91,5
127,-12,6
-165,-172,4
-177,-172,4
179,168,0
-171,-175,4
168,177,0
143,-131,7
-88,-63,5
1,-92,1
-33,30,2
132,-33,6
-79,-89,5
123,-30,6
-173,-169,4
7,-93,1
128,-109,7
-162,-106,3
-176,-165,4
-54,17,2
-80,-82,5
25,-84,1
-158,-92,3
23,-79,1
-66,-87,5
-63,-86,5
184,174,0
140,-111,7
-44,29,2
-54,23,2
-74,-74,5
-62,-67,5
134,-26,6
-169,-166,4
-178,-166,4
112,-17,6
194,169,0
10,-76,1
-63,-86,5
179,172,0
188,164,0
142,-124,7
170,169,0
-138,-107,3
125,-6,6
-85,-87,5
-176,-169,4
111,-41,6
126,-23,6
139,-117,7
173,179,0
-170,-175,4
3,-87,1
-163,-176,4
-42,21,2
128,-129,7
125,-121,7
-60,21,2
130,-20,6
-61,-78,5
178,148,0
-167,-113,3
170,159,0
-61,-107,5
128,-19,6
-42,22,2
13,-77,1
-66,-67,5
131,-132,7
-49,24,2
25,-98,1
122,-113,7
-71,20,2
-29,34,2
-61,32,2
126,-111,7
133,-24,6
-171,-115,3
-147,-104,3
13,-76,1
139,-113,7
-78,-86,5
-151,-93,3
121,-116,7
-73,-86,5
147,-112,7
-59,16,2
113,-122,7
-71,-73,5
40,-81,1
140,-108,7
123,-6,6
121,-124,7
-161,-177,4
-36,41,2
-75,-79,5
136,-135,7
-39,17,2
189,172,0
-56,17,2
-160,-154,4
127,-12,6
-79,-88,5
135,-108,7
-48,25,2
119,-24,6
113,-9,6
-146,-78,3
-35,16,2
-57,-77,5
183,160,0
173,155,0
164,164,0
-64,-53,5
-168,-157,4
2,-80,1
-42,11,2
-59,32,2
125,-21,6
175,178,0
-64,23,2
-45,12,2
-87,-94,5
-175,-167,4
198,154,0
139,-124,7
181,157,0
-35,38,2
-45,18,2
36,-95,1
185,180,0
15,-91,1
-90,-71,5
175,154,0
27,-97,1
-166,-172,4
134,-113,7
136,-20,6
-78,-96,5
119,-112,7
-169,-166,4
-147,-94,3
24,-68,1
-64,-74,5
-162,-99,3
191,166,0
143,-16,6
-167,-171,4
111,-44,6
33,-90,1
119,-22,6
-46,37,2
115,-23,6
-50,28,2
-48,-86,5
-36,25,2
129,-35,6
-70,-86,5
189,178,0
-77,-82,5
-55,1,2
123,-38,6
-168,-179,4
171,177,0
22,-85,1
5,-82,1
-171,-164,4
127,-127,7
-55,29,2
-144,-107,3
163,174,0
-81,-92,5
182,166,0
149,-115,7
-72,-73,5
112,-136,7
-169,-170,4
-73,-92,5
121,-16,6
186,154,0
-83,-65,5
-33,26,2
175,166,0
-64,-65,5
-148,-103,3
-169,-180,4
17,-79,1
-61,-75,5
122,-110,7
-74,-88,5
181,188,0
-169,-174,4
-35,34,2
33,-73,1
120,-125,7
124,-109,7
-149,-95,3
-153,-99,3
98,-24,6
130,-11,6
177,174,0
131,-116,7
-67,28,2
-83,-84,5
-175,-170,4
-57,10,2
25,-97,1
-164,-108,3
-156,-101,3
18,-74,1
104,-23,6
123,-46,6
170,168,0
-74,-95,5
144,-122,7
-59,4,2
-164,-171,4
126,-6,6
-59,7,2
-67,-77,5
-177,-172,4
-75,-59,5
-139,-100,3
38,-72,1
-145,-89,3
179,173,0
-164,-159,4
-40,23,2
-154,-107,3
-152,-91,3
124,-120,7
-43,18,2
-73,-95,5
20,-76,1
-172,-166,4
-146,-105,3
163,167,0
3,-84,1
189,168,0
177,159,0
4,-72,1
-162,-175,4
-40,7,2
-60,21,2
192,184,0
-56,47,2
126,-109,7
-51,15,2
13,-97,1
-139,-102,3
121,-29,6
-167,-177,4
-66,-96,5
-48,17,2
-128,-102,3
11,-76,1
120,-23,6
-170,-178,4
-36,27,2
-155,-105,3
-72,-76,5
-78,-71,5
129,-121,7
-60,13,2
-45,15,2
-156,-100,3
18,-62,1
-170,-172,4
3,-93,1
111,-23,6
-170,-167,4
20,-89,1
-178,-167,4
-63,-81,5
147,-125,7
132,-108,7
124,-9,6
-68,-60,5
110,-24,6
-78,-82,5
110,-30,6
-81,-59,5
-64,3,2
-144,-96,3
-62,-87,5
122,-26,6
-86,-96,5
126,-130,7
-61,-79,5
120,-116,7
195,161,0
-72,-68,5
-55,35,2
-167,-175,4
-149,-93,3
174,180,0
-170,-171,4
-147,-84,3
184,158,0
-72,-105,5
-138,-111,3
-60,-78,5
-69,-82,5
-164,-103,3
16,-84,1
127,-19,6
22,-79,1
-170,-168,4
113,-24,6
-71,-86,5
-60,10,2
176,169,0
-164,-176,4
194,165,0
28,-98,1
146,-135,7
-176,-172,4
26,-74,1
19,-63,1
6,-89,1
16,-85,1
-71,-89,5
29,-84,1
129,-5,6
110,-2,6
-145,-101,3
-163,-171,4
145,-107,7
126,-20,6
-152,-89,3
21,-92,1
-167,-166,4
173,170,0
123,-37,6
184,169,0
-51,-88,5
38,-101,1
-147,-121,3
21,-96,1
141,-128,7
123,-21,6
-168,-167,4
-161,-156,4
172,153,0
126,-140,7
-148,-107,3
14,-78,1
-147,-123,3
-52,11,2
-162,-177,4
123,-30,6
-135,-96,3
-179,-182,4
-64,-81,5
-52,34,2
182,164,0
181,172,0
-174,-161,4
-146,-99,3
124,-15,6
-45,26,2
-155,-107,3
-169,-166,4
-162,-166,4
-80,-80,5
-166,-171,4
22,-73,1
-131,-109,3
16,-90,1
27,-85,1
179,172,0
132,-110,7
-161,-171,4
-68,-83,5
-70,-70,5
-152,-176,4
113,-4,6
171,173,0
181,173,0
23,-80,1
-164,-90,3
-41,14,2
-158,-166,4
-37,28,2
-56,38,2
130,-142,7
194,162,0
-146,-99,3
-68,14,2
-164,-168,4
-143,-105,3
-149,-82,3
-58,16,2
23,-86,1
106,-128,7
188,161,0
140,-121,7
-88,-78,5
-77,-73,5
183,170,0
-167,-168,4
5,-65,1
-157,-109,3
-185,-169,4
160,179,0
-153,-90,3
16,-73,1
38,-64,1
132,-145,7
-150,-116,3
-61,22,2
188,162,0
128,-3,6
-54,6,2
38,-81,1
127,2,6
-59,8,2
-56,17,2
-47,-73,5
-35,19,2
136,-133,7
-45,34,2
127,-36,6
-32,3,2
-68,-71,5
-47,12,2
110,-26,6
165,156,0
111,-25,6
-159,-176,4
147,-118,7
148,-123,7
135,-131,7
115,-33,6
137,-25,6
-175,-179,4
-145,-87,3
123,-132,7
132,-141,7
164,163,0
115,-23,6
-43,23,2
-142,-93,3
13,-52,1
-165,-166,4
139,-125,7
-60,24,2
-39,15,2
181,181,0
-63,-73,5
7,-80,1
196,183,0
176,171,0
-43,15,2
190,161,0
-66,-79,5
-74,26,2
178,183,0
-170,-168,4
170,150,0
137,-130,7
130,-103,7
-62,-79,5
175,171,0
126,-122,7
-90,-92,5
127,-19,6
-175,-166,4
-168,-94,3
-147,-92,3
136,-133,7
114,-1,6
-144,-107,3
-170,-168,4
114,-116,7
-69,7,2
-168,-177,4
-57,30,2
-44,1,2
-69,-55,5
-23,24,2
180,170,0
112,-123,7
-57,29,2
-161,-172,4
105,-31,6
-64,-98,5
184,174,0
182,170,0
31,-86,1
173,155,0
136,-113,7
-171,-169,4
34,-85,1
-64,-103,5
-160,-101,3
-49,-82,5
15,-91,1
-59,34,2
166,161,0
-148,-92,3
-59,-81,5
-178,-176,4
-166,-97,3
130,-116,7
-174,-167,4
125,-123,7
-69,-94,5
27,-69,1
106,-119,7
-166,-175,4
-161,-89,3
119,-33,6
196,175,0
10,-61,1
170,180,0
139,-9,6
194,179,0
-88,-85,5
-59,24,2
-157,-106,3
37,-87,1
-172,-168,4
136,-20,6
190,180,0
175,191,0
178,175,0
-163,-96,3
-90,-89,5
176,176,0
177,161,0
-64,-106,5
33,-84,1
-175,-178,4
133,-13,6
175,168,0
173,182,0
129,-97,7
-67,13,2
134,-118,7
-47,15,2
24,-85,5
192,192,0
-137,-84,3
140,-115,7
-151,-113,3
-62,37,2
-172,-159,4
-68,-73,5
-178,-167,4
176,179,0
9,-96,1
117,-28,6
-160,-96,3
26,-72,1
-80,-69,5
-169,-172,4
-166,-178,4
183,165,0
-70,-76,5
101,-106,7
178,168,0
130,-125,7
12,-81,1
-173,-173,4
-44,37,2
-76,-74,5
125,-125,7
133,-32,6
169,164,0
-134,-106,3
131,-123,7
184,163,0
39,-84,1
139,-120,7
109,0,6
-175,-169,4
-46,28,2
134,-118,7
12,-56,1
-168,-154,4
-57,26,2
-164,-177,4
124,-30,6
28,-62,1
-72,-74,5
119,-23,6
-43,16,2
-174,-167,4
116,-115,7
128,-117,7
-58,-75,5
-152,-109,3
-71,7,2
-145,-90,3
-74,-82,5
-55,-91,5
-53,-78,5
-160,-169,4
7,-93,1
-55,-78,5
169,176,0
-177,-168,4
-73,10,2
128,-32,6
193,147,0
25,-96,1
34,-77,1
-154,-100,3
112,-122,7
-46,24,2
127,-107,7
-178,-171,4
-148,-108,3
-179,-171,4
-142,-103,3
-61,19,2
-71,-84,5
-169,-171,4
-51,35,2
174,177,0
-161,-93,3
-72,-64,5
10,-84,1
-167,-171,4
-66,-96,5
16,-88,1
119,-38,6
-40,16,2
186,170,0
136,-103,7
171,178,0
-43,26,2
121,-16,6
-44,20,2
-52,34,2
-155,-90,3
155,170,0
41,-90,1
114,-7,6
-65,-76,5
-45,9,2
18,-81,1
113,-6,6
130,-129,7
18,-83,1
133,-126,7
-141,-106,3
-172,-172,4
-169,-173,4
-53,29,2
121,-13,6
180,165,0
-156,-107,3
107,-10,6
91,-21,6
137,-104,7
123,-10,6
9,-87,1
-45,17,2
-132,-84,3
-61,23,2
20,-83,1
-179,-174,4
-171,-178,4
-159,-81,3
-52,-5,2
37,-83,1
134,-136,7
-51,9,2
16,-87,1
-80,-63,5
173,165,0
-175,-172,4
111,-129,7
-175,-166,4
-172,-174,4
190,170,0
117,-3,6
144,-26,6
142,-122,7
-172,-93,3
179,177,0
-68,-79,5
-146,-107,3
141,-123,7
126,-138,7
108,-22,6
-180,-164,4
-174,-175,4
-66,30,2
-47,9,2
-143,-90,3
173,162,0
138,-130,7
34,-79,1
-47,13,2
124,-122,7
-80,-73,5
-54,8,2
190,172,0
-160,-92,3
124,-25,6
120,-27,6
23,-72,1
105,-3,6
-152,-91,3
132,-11,6
-167,-171,4
-41,17,2
-51,33,2
-50,19,2
-62,-91,5
153,182,0
-86,-80,5
-162,-171,4
-49,9,2
41,-84,1
120,-110,7
-141,-94,3
121,-113,7
128,11,6
168,175,0
24,-78,1
-169,-173,4
-89,-98,5
-163,-176,4
-174,-171,4
-174,-91,3
-151,-92,3
-147,-109,3
-96,-66,5
29,-69,1
-143,-109,3
-77,-76,5
-167,-111,3
113,-31,6
-161,-169,4
-170,-175,4
-51,8,2
21,-84,1
-156,-91,3
125,-6,6
-177,-175,4
182,172,0
131,-111,7
129,-34,6
-167,-172,4
-171,-175,4
-154,-101,3
178,156,0
-83,-83,5
26,-80,1
110,-24,6
27,-71,1
-165,15,4
111,-115,7
-50,11,2
120,-16,6
21,-87,1
-140,-102,3
185,170,0
135,-113,7
105,-11,6
141,-122,7
118,-27,6
-26,27,2
-174,-164,4
124,-122,7
21,-64,1
147,-131,7
129,-129,7
-166,-168,4
26,-90,1
133,-104,7
131,-21,6
134,-122,7
130,-110,7
-67,-85,5
-84,-73,5
182,156,0
124,-20,6
116,-117,7
-62,19,2
-158,-99,3
130,-16,6
-134,-109,3
-57,-75,5
-41,15,2
36,-83,1
-162,-85,3
113,-21,6
-57,-81,5
112,-27,6
-165,-180,4
-70,-94,5
34,-87,1
-62,-59,5
-179,-169,4
-167,-170,4
-36,17,2
173,161,0
134,-129,7
-179,-167,4
-168,-106,3
142,-103,7
-48,20,2
21,-76,1
179,171,0
24,-73,1
184,184,0
181,176,0
-48,16,2
-168,-173,4
173,160,0
125,-18,6
122,-111,7
121,-122,7
27,-96,1
102,-14,6
-36,30,2
-152,-88,3
-131,-113,3
-176,-167,4
-83,-67,5
-158,-165,4
24,-73,1
144,-127,7
-138,-87,3
-57,21,2
-179,-172,4
-35,22,2
143,-109,7
-157,-165,4
3,-88,1
182,178,0
-141,-101,3
136,-31,6
37,-94,1
-65,-93,5
-78,-88,5
24,-96,1
-49,-96,5
22,-77,1
-47,29,2
-77,-76,5
166,183,0
10,-67,1
25,-66,1
-172,-96,3
127,-11,6
47,-76,1
-156,-90,3
-152,-100,3
-48,22,2
-167,-95,3
141,-130,7
-71,-84,5
12,-80,1
189,175,0
180,164,0
-141,-118,3
-43,20,2
126,-21,6
26,-98,1
23,-82,1
-42,-78,5
139,-17,6
-156,-92,3
-146,-108,3
-71,-73,5
-164,-175,4
116,-25,6
-138,-101,3
-152,-104,3
12,-85,1
19,-83,1
-167,-164,4
-69,34,2
166,176,0
-143,-106,3
-163,-93,3
-79,-69,5
-49,14,2
-62,-88,5
-175,-168,4
-152,-92,3
-59,-70,5
24,-78,1
144,-112,7
128,-17,6
136,-124,7
28,-62,1
139,-117,7
-141,-102,3
-68,-70,5
-50,36,2
-163,-110,3
-169,-177,4
-133,-87,3
-171,-165,4
20,-70,1
129,-7,6
124,-108,7
123,-102,7
108,-23,6
-77,-75,5
-85,-75,5
185,172,0
-74,-88,5
116,-119,7
150,-120,7
-7,-81,1
121,-13,6
111,-5,6
107,-24,6
18,-75,1
186,171,0
127,-136,7
175,170,0
-54,38,2
129,-32,6
-167,-174,4
-167,-103,3
178,179,0
-59,-82,5
-145,-91,3
163,177,0
-51,32,2
9,-88,1
147,-10,6
-175,-171,4
188,158,0
133,-112,7
26,-84,1
12,-84,1
-171,-172,4
-172,-175,4
-69,-82,5
-172,-102,3
127,-119,7
-160,-92,3
-165,-174,4
23,-88,1
133,-128,7
-11,-102,1
130,-123,7
99,0,6
189,154,0
-158,-171,4
-158,-103,3
-157,-101,3
4,-77,1
117,-133,7
117,-6,6
-64,-76,5
185,150,0
-58,27,2
-63,-81,5
-140,-106,3
179,172,0
-164,-170,4
-167,-164,4
-173,-167,4
127,-15,6
191,177,0
13,-91,1
117,-19,6
22,-78,1
-161,-104,3
-152,-90,3
21,-67,1
-71,-71,5
-70,0,2
-64,-91,5
110,-16,6
35,-77,1
-59,-84,5
10,-87,1
22,-68,1
131,-125,7
119,-27,6
188,179,0
154,-126,7
-166,-102,3
129,-38,6
113,-24,6
-176,-175,4
128,-128,7
-169,-177,4
19,-94,1
-143,-95,3
129,-124,7
142,-119,7
-155,-86,3
131,-130,7
-89,-82,5
-36,36,2
135,-118,7
-72,-74,5
-36,31,2
120,-28,6
-1,-93,1
182,168,0
132,-115,7
-180,-173,4
-157,-100,3
164,160,0
-174,-171,4
11,-73,1
-64,-66,5
184,158,0
-151,-100,3
113,-27,6
-46,20,2
-136,-97,3
-43,-87,5
-52,23,2
183,174,0
-80,-78,5
139,-130,7
-172,-166,4
134,-117,7
-172,-160,4
11,-73,1
-64,26,2
184,175,0
134,-39,6
188,156,0
5,-78,1
-170,-184,4
129,-119,7
-146,-116,3
122,-112,7
-158,-117,3
-176,-162,4
136,-113,7
-39,17,2
127,-142,7
133,-124,7
124,-123,7
119,-13,6
-73,-71,5
14,-68,1
-72,30,2
-55,11,2
124,-21,6
127,-21,6
123,-124,7
138,-128,7
-167,-163,4
-170,-174,4
134,-19,6
114,-23,6
-75,-87,5
-71,-72,5
-70,-78,5
122,-23,6
-67,-63,5
-69,-101,5
41,-75,1
12,-96,1
-123,-91,3
117,-19,6
15,-103,1
18,-78,1
-155,-90,3
125,-146,7
-149,-110,3
14,-86,1
-83,-84,5
111,-115,7
-46,57,2
-168,-186,4
129,-114,7
-61,4,2
110,-11,6
-157,-95,3
-152,-87,3
5,-85,1
-64,-84,5
-85,-65,5
14,-80,1
22,-81,1
189,-134,0
146,-11,6
131,-16,6
-151,-106,3
-149,-101,3
-49,-79,5
196,190,0
-45,12,2
-58,38,2
-163,-168,4
130,-122,7
-171,-170,4
-133,-99,3
-33,6,2
-157,-101,3
175,198,0
-38,31,2
-55,-78,5
171,162,0
-151,-91,3
-165,-174,4
129,-138,7
149,-119,7
19,-64,1
107,-22,6
-52,-85,5
105,-21,6
116,-99,7
155,-124,7
184,162,0
124,-22,6
124,-18,6
33,-78,1
-170,-163,4
136,-16,6
16,-76,1
113,-143,7
133,-23,6
136,-93,7
33,-71,1
-174,-75,3
-66,-79,5
-174,-184,4
18,-83,1
-133,-105,3
-54,-87,5
132,-40,6
-73,21,2
-29,22,2
129,-26,6
196,176,0
19,-81,1
-71,-52,5
182,175,0
132,-113,7
179,169,0
-69,-87,5
123,-125,7
126,-132,7
129,-33,6
-63,-67,5
164,184,0
-161,-170,4
127,-25,6
-60,5,2
136,-7,6
173,179,0
-72,-58,5
15,-91,1
-172,-157,4
-161,-164,4
-131,-86,3
-89,-87,5
164,180,0
-175,-175,4
120,-31,6
32,-68,1
-70,-80,5
27,-99,1
115,-47,6
-56,-73,5
168,147,0
183,177,0
126,-130,7
187,171,0
-41,-73,5
17,-70,1
168,154,0
122,-115,7
115,-35,6
138,-23,6
-44,4,2
-43,16,2
156,-113,7
137,-100,7
-147,-103,3
-63,19,2
114,-40,6
18,-78,1
-38,10,2
181,170,0
12,-77,1
-66,-85,5
133,-109,7
-143,-99,3
135,-140,7
135,-110,7
131,-111,7
-71,-86,5
125,-35,6
-48,2,2
-165,-174,4
-71,-76,5
-134,-88,3
139,-130,7
-167,-172,4
120,-19,6
114,-16,6
10,-95,1
138,-26,6
119,-128,7
23,-72,1
-59,9,2
-51,16,2
32,-76,1
130,-120,7
-77,-76,5
-84,-96,5
173,167,0
-169,-171,4
121,-117,7
-176,-165,4
-156,-108,3
166,166,0
115,-30,6
131,-132,7
-149,-101,3
172,186,0
194,174,0
-169,-167,4
-67,-74,5
-130,-97,3
-58,23,2
28,-84,1
-63,-83,5
18,-86,1
-54,6,2
-173,-179,4
-84,-84,5
-167,-172,4
-166,-176,4
-60,6,2
-70,-77,5
-144,-113,3
-79,-95,5
-145,-86,3
169,159,0
121,-20,6
-61,4,2
8,-76,1
-61,-76,5
21,-81,1
-43,25,2
23,-74,1
-58,27,2
8,-87,1
151,-129,7
121,-118,7
-64,21,2
112,-122,7
-86,-86,5
-175,-166,4
121,-8,6
188,164,0
112,-18,6
-155,-106,3
-53,16,2
170,166,0
-75,-84,5
-176,-161,4
173,150,0
-167,-174,4
-45,17,2
-165,-175,4
-59,29,2
-173,-168,4
-81,-82,5
-159,-99,3
33,-67,1
-147,-104,3
124,-10,6
-61,44,2
123,-26,6
180,175,0
129,-36,6
194,165,0
-63,-83,5
-67,-79,5
-157,-114,3
186,170,0
-152,-103,3
193,174,0
103,-119,7
-132,-88,3
-162,-100,3
-76,-83,5
177,176,0
177,190,0
-161,-89,3
5,-81,1
-150,-90,3
-63,-69,5
8,-83,1
-57,-76,5
-154,-100,3
190,173,0
125,-34,6
-46,19,2
-59,10,2
24,-105,1
-69,-102,5
19,-86,1
-59,-99,5
19,-74,1
22,-99,1
-152,-108,3
18,-96,1
-151,-93,3
-143,-86,3
141,-21,6
-173,-165,4
121,-121,7
25,-82,1
122,-19,6
-71,-71,5
188,176,0
129,-141,7
-151,-103,3
168,170,0
140,-120,7
142,-113,7
184,187,0
-171,-164,4
112,-21,6
-83,-83,5
185,159,0
137,-124,7
37,-89,1
-174,-166,4
-74,-80,5
165,158,0
-69,-86,5
183,149,0
155,-93,7
-151,-114,3
130,-26,6
141,-27,6
-63,14,2
171,160,0
-53,1,2
164,188,0
118,-119,7
-167,-175,4
-175,-175,4
118,-106,7
-52,18,2
-38,24,2
129,-112,7
108,-21,6
-166,-170,4
-78,-74,5
108,-9,6
-134,-98,3
-168,-176,4
127,-15,6
127,-111,7
-61,-78,5
194,177,0
128,-112,7
-146,-110,3
23,-100,1
-146,-104,3
187,162,0
129,-124,7
24,-75,1
-68,-93,5
-171,-172,4
-169,-170,4
22,-93,1
21,-76,1
-140,-90,3
-80,-82,5
-51,27,2
-154,-118,3
-79,-84,5
33,-79,1
-171,-171,4
129,-116,7
31,-91,1
-165,-168,4
182,164,0
127,-30,6
-55,29,2
-36,27,2
-171,-163,4
-159,-115,3
-52,19,2
13,-76,1
-65,-67,5
-172,-173,4
162,176,0
109,-7,6
19,-82,1
-141,-92,3
-30,17,2
185,162,0
123,-25,6
44,-74,1
14,-69,1
-50,23,2
-153,-96,3
24,-77,1
121,-12,6
163,-122,7
-156,-91,3
-44,17,2
185,147,0
-153,-117,3
-169,-161,4
-59,18,2
122,-127,7
-156,-82,3
24,-76,1
-153,-101,3
169,157,0
136,-119,7
-145,-109,3
19,-76,1
-127,-97,3
125,-27,6
117,-118,7
-164,-95,3
-145,-106,3
-161,-103,3
-158,-109,3
132,-130,7
108,-30,6
-55,12,2
-163,-96,3
-173,-172,4
-39,22,2
127,-23,6
135,-110,7
-39,34,2
-173,-173,4
-174,-165,4
-162,-176,4
-47,19,2
179,165,0
-174,-173,4
-172,-172,4
136,-127,7
134,-102,7
-70,-82,5
145,-124,7
179,170,0
172,176,0
-55,36,2
-62,-83,5
-151,-90,3
132,-105,7
-171,-177,4
-150,-123,3
-68,-103,5
181,182,0
-48,19,2
-46,8,2
-140,-94,3
21,-72,1
189,177,0
129,-14,6
136,-121,7
13,-89,1
163,168,0
121,-119,7
128,-37,6
-176,-170,4
173,152,0
-165,-174,4
179,154,0
187,176,0
-79,-68,5
-172,-169,4
141,-26,6
178,188,0
-63,18,2
21,-74,1
-61,-62,5
-41,27,2
-170,-163,4
-50,-1,2
110,-118,7
-171,-180,4
138,-119,7
-59,-61,5
181,174,0
-59,14,2
-35,15,2
-90,-77,5
-41,10,2
127,0,6
189,191,0
-49,14,2
132,-136,7
-141,-88,3
-60,8,2
-47,29,2
138,-94,7
178,188,0
-40,27,2
-63,-79,5
178,154,0
169,167,0
-180,-171,4
-44,39,2
179,183,0
-75,-84,5
-173,-172,4
137,-16,6
-153,-102,3
22,-74,1
-57,21,2
106,-116,7
-164,-176,4
-169,-174,4
-132,-95,3
190,151,0
-46,11,2
-173,-167,4
-92,-67,5
-72,-68,5
-54,-94,5
-54,-87,5
-173,-174,4
-146,-102,3
-158,-105,3
179,154,0
15,-91,1
-59,-72,5
174,181,0
187,190,0
-167,-127,3
-40,26,2
17,-61,1
197,164,0
-170,-169,4
22,-83,1
-51,19,2
-51,-81,5
-70,-71,5
162,187,0
-48,25,2
181,178,0
-79,-87,5
-52,22,2
-148,-92,3
-137,-104,3
-161,-108,3
139,-116,7
-164,-100,3
-155,-99,3
119,-20,6
128,-18,6
-74,-90,5
128,-123,7
-177,-162,4
135,-112,7
131,-35,6
107,-11,6
27,-79,1
-48,16,2
130,-13,6
-75,-77,5
121,-24,6
-145,-101,3
143,-16,6
-73,-85,5
-159,-108,3
-140,-84,3
-85,-80,5
-46,30,2
13,-87,1
132,-29,6
12,-62,1
13,-75,1
19,-71,1
25,-81,1
41,-94,1
28,-101,1
-80,-65,5
-140,-88,3
182,169,0
141,-120,7
-175,-176,4
-65,-92,5
135,-114,7
129,-26,6
-164,-90,3
21,-85,1
154,171,0
171,176,0
134,-141,7
124,-4,6
-156,-99,3
128,-28,6
137,-125,7
134,-118,7
-136,-110,3
125,-107,7
-62,-74,5
-52,7,2
133,-120,7
122,-14,6
-75,-89,5
-145,-115,3
11,-74,1
27,-80,1
-41,12,2
-68,-98,5
-170,-169,4
-160,-101,3
166,148,0
-68,-85,5
125,-37,6
-48,4,2
167,172,0
180,167,0
180,156,0
-77,-88,5
-140,-113,3
132,-118,7
184,174,0
133,-113,7
127,-104,7
128,-117,7
139,-124,7
-152,-88,3
142,-128,7
26,-73,1
-172,-166,4
135,-131,7
116,-29,6
122,-136,7
-170,-174,4
116,-115,7
-159,-139,3
-149,-110,3
110,-11,6
-48,22,2
-137,-97,3
-154,-102,3
-48,24,2
-177,-170,4
128,-121,7
115,-3,6
181,167,0
111,-23,6
147,-129,7
123,-117,7
179,179,0
-36,30,2
-171,-169,4
117,-107,7
-168,-176,4
131,-124,7
-52,6,2
-155,-97,3
174,170,0
124,-123,7
182,171,0
-172,-171,4
110,-30,6
-71,-79,5
24,-86,1
-162,-170,4
-170,-165,4
27,-81,1
-170,-170,4
184,171,0
177,170,0
-151,-98,3
159,171,0
-40,21,2
-168,-163,4
-136,-86,3
193,158,0
9,-62,1
125,-142,7
-54,14,2
178,160,0
178,179,0
-176,-164,4
182,175,0
-140,-90,3
178,163,0
124,-125,7
176,186,0
-61,16,2
-40,-10,2
118,-27,6
128,-117,7
-171,-172,4
178,176,0
126,-7,6
28,-78,1
192,179,0
168,170,0
9,-75,1
123,-111,7
181,164,0
129,-121,7
188,171,0
117,-12,6
119,-25,6
-53,16,2
185,166,0
31,-98,1
-154,-114,3
-65,-91,5
199,177,0
-141,-102,3
15,-102,1
-47,25,2
100,-31,6
-167,-171,4
30,-81,1
-61,-85,5
-169,-179,4
-51,8,2
110,-20,6
-55,26,2
33,-82,1
135,-126,7
199,183,0
-147,-106,3
-167,-170,4
139,-18,6
-66,13,2
-53,0,2
5,-85,1
141,-129,7
-153,-86,3
-63,-57,5
134,-111,7
119,-35,6
170,169,0
-150,-123,3
174,173,0
15,-82,1
-169,-171,4
-135,-108,3
-161,-175,4
-171,-185,4
189,146,0
184,181,0
114,-20,6
182,162,0
-68,-79,5
-176,-169,4
-169,-165,4
-163,-162,4
122,-117,7
-73,-78,5
-35,33,2
-158,-107,3
187,175,0
-151,-104,3
-167,-176,4
132,-132,7
17,-76,1
185,169,0
118,-16,6
123,-18,6
134,-114,7
104,-22,6
179,153,0
143,-119,7
-169,-167,4
-132,-98,3
-70,-87,5
-28,20,2
139,-116,7
133,-112,7
-176,-174,4
-45,21,2
191,169,0
-58,16,2
-47,21,2
-174,-166,4
156,172,0
-136,-104,3
111,-26,6
-57,20,2
35,-74,1
-68,-97,5
132,-100,7
174,177,0
117,-113,7
-149,-106,3
-72,-96,5
-59,-80,5
-169,-169,4
20,-77,1
107,-116,7
193,166,0
187,192,0
124,-111,7
-52,22,2
-144,-101,3
181,184,0
-150,-92,3
-141,-127,3
28,-74,1
-138,-110,3
-70,38,2
-71,-77,5
133,-125,7
6,-86,1
128,-116,7
-169,-170,4
-43,10,2
120,-2,6
-171,-178,4
-42,22,2
-142,-95,3
132,-123,7
-152,-101,3
-170,-99,3
-139,-115,3
-148,-132,3
-55,18,2
-51,1,2
178,193,0
-58,-100,5
-78,-82,5
-174,-169,4
-58,-82,5
15,-80,1
177,174,0
-168,-80,3
14,-90,1
27,-90,1
-157,-100,3
-170,-165,4
36,-86,1
173,166,0
-177,-165,4
-42,19,2
163,157,0
-147,-97,3
141,-129,7
-156,-98,3
181,168,0
-61,11,2
190,173,0
-46,17,2
29,-72,1
-61,21,2
-56,21,2
39,-78,1
-55,41,2
-143,-96,3
-171,-170,4
-53,-6,2
-63,36,2
116,-9,6
134,-126,7
131,-123,7
-128,-87,3
-47,37,2
-153,-106,3
121,-129,7
-166,-170,4
16,-86,1
134,-105,7
-65,-85,5
133,-88,7
-138,-112,3
-183,-93,3
-40,5,2
-82,-59,5
121,-35,6
9,-75,1
-164,-169,4
136,-33,6
-77,-87,5
124,-110,7
-149,-99,3
-170,-171,4
128,-128,7
183,174,0
-83,-80,5
12,-88,1
111,-11,6
136,-125,7
133,-9,6
133,-124,7
-67,-84,5
-144,-90,3
-162,-99,3
-151,-83,3
-161,-94,3
14,-95,1
-79,-88,5
-140,-105,3
-176,-169,4
-74,-84,5
191,162,0
-56,-83,5
123,-11,6
120,-17,6
-34,30,2
-49,22,2
-137,-103,3
2,-66,1
-67,-67,5
121,-20,6
-67,-84,5
-71,-90,5
-45,38,2
-143,-99,3
122,-117,7
173,168,0
-82,-89,5
-176,-165,4
191,169,0
140,-1,6
156,164,0
173,189,0
-153,-112,3
-168,-175,4
19,-82,1
139,-111,7
117,-26,6
-44,1,2
-51,13,2
-85,-87,5
117,-13,6
10,-68,1
-60,36,2
135,-23,6
124,-115,7
115,-20,6
-174,-166,4
-130,-95,3
179,155,0
129,-122,7
131,-127,7
168,168,0
128,-127,7
-72,-80,5
132,-18,6
-43,21,2
-65,-71,5
-45,32,2
-45,25,2
-41,18,2
132,-134,7
132,-126,7
129,-117,7
103,-29,6
-62,-60,5
2,-91,1
-50,16,2
-94,-72,5
136,-111,7
-71,-94,5
180,185,0
4,-93,1
-142,-106,3
-167,-163,4
20,-91,1
130,-128,7
172,166,0
-80,-93,5
-59,32,2
119,-121,7
-46,34,2
180,184,0
-160,-162,4
120,-29,6
-168,-164,4
14,-94,1
-181,-173,4
14,-89,1
-79,-83,5
128,-110,7
-168,-159,4
113,-39,6
26,-85,1
-148,-85,3
12,-82,1
187,156,0
180,180,0
-158,-103,3
15,-82,1
110,-23,6
-166,-170,4
29,-80,1
-156,-94,3
17,-82,1
-52,36,2
20,-73,1
-163,-164,4
114,-6,6
-74,-85,5
166,181,0
124,-19,6
179,177,0
101,-12,6
-81,-91,5
1,-85,1
35,-84,1
-153,-92,3
127,-33,6
-78,-69,5
21,-98,1
-158,-168,4
180,176,0
124,-13,6
122,-9,6
-60,-79,5
181,171,0
-165,-171,4
128,-125,7
-157,-112,3
-167,-174,4
138,-103,7
102,-113,7
-66,9,2
-46,8,2
5,-87,1
145,-119,7
188,164,0
123,-118,7
-164,-168,4
198,154,0
-166,-163,4
10,-84,1
115,-39,6
-164,-171,4
-163,-159,4
-168,-164,4
-165,-165,4
117,-128,7
-147,-94,3
124,-22,6
131,-12,6
18,-77,1
-52,23,2
132,-20,6
111,-128,7
183,152,0
-132,-78,3
23,-92,1
173,172,0
176,164,0
-177,-167,4
123,-14,6
-70,-77,5
-169,-91,3
-162,-180,4
134,-121,7
126,-25,6
23,-74,1
123,-33,6
116,-14,6
116,-118,7
-68,35,2
179,155,0
120,-111,7
30,-64,1
-154,-94,3
127,-108,7
21,-83,1
174,178,0
112,-19,6
-175,-177,4
144,-135,7
-54,7,2
19,-84,1
-151,-107,3
-57,11,2
-33,3,2
130,-125,7
173,163,0
21,-69,1
-151,-109,3
-171,-165,4
168,162,0
-174,-173,4
126,-19,6
-152,-91,3
-48,11,2
185,176,0
30,-60,1
5,-91,1
135,-100,7
177,145,0
-158,-114,3
176,163,0
-48,14,2
131,-119,7
141,-39,6
-51,22,2
-43,7,2
-87,-70,5
-161,-174,4
-81,-73,5
-40,20,2
187,164,0
-49,28,2
-167,-168,4
130,-121,7
14,-69,1
113,-17,6
-39,19,2
113,-29,6
-66,-64,5
-164,-119,3
8,-77,1
-148,-105,3
190,163,0
120,-97,7
6,-96,1
-166,-168,4
37,-83,1
32,-75,1
-77,-84,5
-74,-69,5
-79,-74,5
118,-123,7
192,175,0
-172,-163,4
119,3,6
172,182,0
124,-23,6
-55,-76,5
177,168,0
-59,24,2
23,-73,1
-167,-80,3
-60,-2,2
129,-23,6
-78,-95,5
-50,11,2
-179,-175,4
105,-20,6
22,-89,1
-171,-161,4
-70,-93,5
-51,14,2
-52,21,2
-45,21,2
28,-72,1
-48,22,2
122,-122,7
11,-95,1
-162,-176,4
184,161,0
16,-93,1
121,-130,7
134,-101,7
134,-126,7
-61,17,2
141,-112,7
-6,-83,1
120,-128,7
-68,-80,5
-171,-175,4
-46,27,2
-64,-85,5
-166,-175,4
118,-28,6
-61,-81,5
-60,44,2
-174,-170,4
113,-112,7
-65,-93,5
105,-31,6
-61,13,2
-79,-67,5
-173,-169,4
182,181,0
147,-138,7
-145,-96,3
123,-35,6
-153,-86,3
-165,-173,4
-61,8,2
129,-124,7
-172,-169,4
-57,-87,5
-68,-66,5
114,-14,6
17,-67,1
179,189,0
-91,-72,5
126,-11,6
-83,-71,5
6,-81,1
-169,-106,3
112,-129,7
-156,-82,3
52,-87,1
137,-123,7
30,-82,1
-175,-169,4
140,-127,7
149,-119,7
188,178,0
-41,28,2
21,-75,1
-156,-94,3
102,-27,6
178,177,0
-153,-110,3
-74,-93,5
125,-25,6
-165,-172,4
125,-136,7
107,-37,6
-163,-97,3
114,-17,6
-81,-78,5
-169,-164,4
-67,-66,5
-170,-171,4
-149,-85,3
104,-14,6
127,-134,7
20,-88,1
-75,29,2
-70,-92,5
-81,-86,5
186,160,0
142,-116,7
-169,-172,4
-180,-168,4
-44,21,2
-41,39,2
23,-54,1
39,-79,1
167,182,0
-59,21,2
117,-19,6
-56,-66,5
-49,6,2
-59,8,2
151,-149,7
137,-112,7
129,-120,7
-51,23,2
138,-33,6
129,-117,7
136,-120,7
136,-98,7
117,-37,6
27,-73,1
-39,15,2
113,-12,6
25,-80,1
15,-82,1
129,-113,7
130,-25,6
192,177,0
22,-60,1
-176,-174,4
-88,-71,5
179,166,0
-174,-169,4
-169,-166,4
141,-144,7
31,-70,1
-72,-59,5
186,175,0
-64,-85,5
127,-122,7
165,171,0
-132,-94,3
-145,-119,3
174,166,0
-143,-103,3
189,186,0
19,-87,1
191,172,0
-75,-80,5
-133,-91,3
102,-20,6
-166,-166,4
-172,-166,4
-174,-169,4
16,-77,1
-78,-92,5
-59,10,2
-79,-62,5
-21,28,2
32,-77,1
-47,22,2
9,-80,1
-176,-112,3
141,-103,7
-62,16,2
118,-43,6
-61,16,2
-31,15,2
-132,-115,3
108,-16,6
123,-10,6
-157,-80,3
118,-15,6
145,-138,7
-145,-113,3
-59,-80,5
121,-40,6
128,-125,7
125,-37,6
193,181,0
122,-18,6
-147,-104,3
-48,7,2
22,-58,1
156,161,0
-165,-163,4
-162,-114,3
-167,-100,3
-58,13,2
-165,-170,4
139,-134,7
-133,-114,3
-38,30,2
143,-119,7
182,185,0
118,-18,6
128,-23,6
-59,-56,5
-44,16,2
-170,-170,4
181,172,0
125,-24,6
-155,-127,3
-167,-169,4
-81,-92,5
128,-138,7
137,-124,7
-78,-78,5
-60,16,2
119,-116,7
115,-24,6
-56,18,2
193,163,0
20,-80,1
-48,23,2
178,166,0
-36,18,2
120,-122,7
129,-29,6
-51,-92,5
-159,-103,3
-71,-85,5
109,-7,6
-155,-113,3
130,-21,6
113,-6,6
-151,-93,3
176,176,0
120,-107,7
125,-6,6
-175,-173,4
-163,-164,4
9,-91,1
-159,-102,3
-171,-105,3
-72,-75,5
-138,-113,3
133,-134,7
-170,-165,4
-175,-161,4
119,-22,6
-71,-90,5
27,-98,1
-47,19,2
135,-111,7
-171,-170,4
7,-75,1
-50,13,2
138,-38,6
5,-89,1
-174,-173,4
-55,36,2
183,171,0
-163,-89,3
125,-130,7
-55,10,2
131,-106,7
-169,-170,4
125,-116,7
106,-10,6
46,-79,1
-86,-68,5
-43,29,2
-178,-175,4
137,-109,7
12,-63,1
-150,-119,3
-167,-172,4
-174,-168,4
-37,24,2
-130,-109,3
186,166,0
-179,-166,4
-129,-95,3
124,-125,7
-66,-85,5
125,-128,7
109,-128,7
142,-132,7
165,150,0
-74,-47,5
23,-79,1
93,155,0
28,-86,1
12,-76,1
164,164,0
142,-100,7
-51,43,2
-48,10,2
113,-131,7
31,-95,1
-132,-95,3
171,154,0
-76,-67,5
8,-84,1
30,-73,1
121,-17,6
-42,17,2
-155,-97,3
-46,12,2
-59,33,2
-172,-168,4
28,-70,1
120,-115,7
-175,-165,4
31,-56,1
-42,17,2
185,175,0
128,-108,7
-170,-108,3
-138,-95,3
146,-127,7
184,176,0
-147,-78,3
26,-77,1
-74,-70,5
-60,-85,5
-68,-104,5
-66,-86,5
21,-92,1
-167,-169,4
-48,44,2
122,-22,6
-154,-113,3
128,-138,7
187,152,0
-48,16,2
129,-25,6
122,-23,6
119,-116,7
127,-115,7
129,-28,6
-61,-68,5
-52,29,2
-169,-173,4
-143,-96,3
-64,-99,5
-143,-114,3
186,181,0
-175,-169,4
21,-74,1
-74,-93,5
-142,-109,3
115,-21,6
138,-115,7
-75,-75,5
-51,-81,5
-78,-77,5
121,-35,6
-36,9,2
-29,20,2
123,-113,7
129,-119,7
91,-22,6
-74,-62,5
27,-85,1
-150,-102,3
173,159,0
-149,-104,3
20,-91,1
-57,4,2
172,170,0
125,-110,7
-72,-82,5
-67,-95,5
-75,-72,5
-41,18,2
-153,-97,3
-64,-89,5
121,-17,6
130,-136,7
-173,-174,4
-176,-178,4
-36,32,2
-156,-91,3
166,170,0
39,-90,1
-147,-100,3
-46,16,2
-139,-115,3
-158,-121,3
-170,-168,4
-55,20,2
-172,-178,4
27,-69,1
191,169,0
106,-22,6
113,-38,6
117,-123,7
136,-27,6
-169,-172,4
-82,-84,5
-79,-73,5
-56,34,2
-68,-82,5
181,182,0
10,-71,1
-175,-169,4
91,-117,7
172,163,0
-87,-73,5
-150,-88,3
15,-60,1
-60,34,2
142,-119,7
-52,16,2
-174,-169,4
-165,-163,4
-57,21,2
6,-85,1
177,172,0
177,154,0
172,187,0
15,-71,1
180,172,0
133,-21,6
38,-85,1
-66,-99,5
-163,-162,4
-166,-171,4
130,-133,7
-90,-80,5
128,-12,6
-44,8,2
141,-128,7
190,169,0
-165,-167,4
-73,-69,5
-166,-170,4
-175,-166,4
19,-72,1
8,-97,1
101,-10,6
22,-83,1
19,-69,1
-50,18,2
181,166,0
-86,-80,5
25,-92,1
185,185,0
-45,23,2
121,-118,7
-54,0,2
171,182,0
119,-116,7
-169,-174,4
142,-104,7
-48,21,2
-50,-2,2
-169,-160,4
125,-127,7
130,-102,7
19,-70,1
-66,-84,5
-169,-173,4
-160,-169,4
8,-89,1
-166,-169,4
11,-89,1
-47,22,2
115,-107,7
123,-117,7
-167,-103,3
-52,21,2
-50,20,2
-161,-180,4
-54,-78,5
-76,-85,5
123,-128,7
125,-134,7
-61,23,2
114,-15,6
-67,-78,5
16,-82,1
123,-16,6
175,183,0
-167,-161,4
-55,2,2
-54,24,2
184,187,0
124,-117,7
-72,-66,5
21,-78,1
22,-88,1
-163,-87,3
-151,-96,3
123,-5,6
-86,-71,5
-65,10,2
-167,-116,3
-159,-110,3
15,-75,1
111,-133,7
134,-131,7
123,-122,7
-88,-78,5
133,-126,7
111,-24,6
-151,-94,3
-76,-80,5
-65,16,2
134,-110,7
6,-79,1
-45,20,2
-176,-165,4
144,-119,7
194,174,0
184,157,0
-60,37,2
-170,-164,4
139,-114,7
-172,-168,4
16,-71,1
-30,30,2
-156,-91,3
104,2,6
23,-91,1
-83,-89,5
173,170,0
-90,-58,5
-155,-97,3
195,154,0
22,-91,1
20,-63,1
-56,25,2
-54,-89,5
174,187,0
117,-17,6
-73,-81,5
139,-114,7
1,-86,1
123,-14,6
132,-126,7
-49,22,2
-65,-93,5
-153,-110,3
-76,-79,5
-30,10,2
-167,-171,4
-167,-90,3
-85,-91,5
-169,-168,4
170,153,0
-168,-176,4
-59,17,2
164,168,0
-59,-83,5
-69,10,2
-155,-91,3
132,-134,7
-70,-88,5
121,-27,6
190,173,0
131,-122,7
141,-108,7
6,-83,1
-75,-79,5
169,167,0
-169,-171,4
195,162,0
22,-81,1
-1,-75,1
-68,-67,5
-162,-88,3
-140,-99,3
170,188,0
191,191,0
-146,-95,3
-49,-65,5
108,-33,6
125,-33,6
12,-95,1
-41,25,2
115,-38,6
34,-101,1
-153,-93,3
155,-122,7
-167,-159,4
132,-117,7
-132,-90,3
149,-126,7
145,-106,7
189,171,0
119,-128,7
184,165,0
-169,-183,4
138,-126,7
-54,-99,5
140,-124,7
-43,29,2
-173,-164,4
-76,-85,5
193,166,0
105,-19,6
-168,-171,4
166,153,0
-169,-177,4
120,-10,6
13,-65,1
118,-17,6
18,-82,1
178,155,0
-47,13,2
-150,-97,3
-171,-162,4
184,179,0
-43,20,2
-50,25,2
-160,-108,3
-85,-83,5
-172,-167,4
-131,-91,3
-151,-84,3
134,-24,6
-161,-89,3
131,-22,6
110,-119,7
28,-102,1
-164,-176,4
-48,23,2
152,-121,7
127,-128,7
121,-122,7
125,-27,6
-91,-94,5
120,-132,7
180,158,0
24,-86,1
-175,-162,4
-160,-101,3
-158,-92,3
23,-76,1
-77,-50,5
34,-69,1
-21,-78,1
126,-129,7
-67,-72,5
38,-103,1
109,-20,6
-55,-75,5
-41,16,2
183,165,0
-57,10,2
-155,-98,3
169,194,0
-52,19,2
137,-138,7
-70,25,2
142,-22,6
123,-28,6
-145,-94,3
138,-41,6
-81,-77,5
126,-19,6
126,-136,7
196,158,0
29,-84,1
31,-79,1
184,160,0
98,-16,6
113,-127,7
-166,-169,4
-176,-166,4
-37,6,2
194,161,0
-53,38,2
-164,-162,4
11,-67,1
125,-11,6
123,-99,7
-162,-114,3
192,186,0
24,-83,1
130,-16,6
8,-77,1
-44,18,2
-81,-74,5
168,175,0
-47,22,2
13,-89,1
-55,-80,5
-155,-98,3
8,-92,1
-56,-69,5
-172,-102,3
111,-19,6
-49,7,2
-172,-174,4
-154,-97,3
103,-110,7
132,-125,7
-171,-163,4
131,-25,6
-170,-175,4
170,166,0
-62,15,2
-170,-98,3
141,-117,7
130,-130,7
-50,33,2
-152,-111,3
-72,-81,5
-151,-101,3
-45,17,2
-154,-103,3
-137,-95,3
-43,6,2
-147,-103,3
-152,-103,3
-67,-60,5
180,179,0
-51,37,2
37,-76,1
-63,24,2
131,-126,7
-62,-82,5
-65,-101,5
119,-12,6
-68,-73,5
19,-89,1
-170,-172,4
121,-121,7
-171,-159,4
-58,19,2
109,-129,7
-167,-171,4
-167,-101,3
129,-32,6
-54,20,2
-87,-86,5
-52,15,2
21,-91,1
-163,-112,3
-74,-88,5
130,-24,6
-155,-110,3
20,-103,1
-67,-78,5
-144,-76,3
121,-4,6
43,-94,1
-165,-99,3
-51,-3,2
23,-68,1
127,-120,7
-168,-170,4
-171,-172,4
-49,31,2
-28,17,2
106,-28,6
-38,36,2
30,-84,1
168,164,0
123,-35,6
8,-88,1
134,-137,7
170,169,0
167,161,0
-162,-175,4
-86,-90,5
170,182,0
11,-77,1
-77,-64,5
40,-101,1
167,171,0
-39,28,2
-49,-62,5
120,-29,6
-68,-66,5
23,-78,1
115,-103,7
191,170,0
-52,-4,2
109,-25,6
28,-69,1
126,-26,6
-39,25,2
126,-23,6
-177,-171,4
119,-26,6
-56,7,2
124,-98,7
120,-111,7
-173,-175,4
-166,-162,4
-161,-105,3
-143,-91,3
195,156,0
118,-26,6
108,-8,6
-127,-87,3
19,-85,1
140,-127,7
19,-86,1
-84,-85,5
-174,-177,4
-153,-96,3
-172,-161,4
112,-18,6
146,-105,7
169,177,0
129,-16,6
-44,14,2
-145,-103,3
-64,-72,5
135,-121,7
-151,-91,3
-171,-172,4
136,-127,7
192,163,0
184,161,0
-144,-93,3
110,-11,6
114,-21,6
107,-18,6
-67,-91,5
-80,-90,5
119,-111,7
-52,13,2
-171,-174,4
111,-18,6
193,189,0
107,-28,6
13,-89,1
-54,19,2
35,-52,1
-63,-79,5
145,-21,6
129,-107,7
189,174,0
185,166,0
-166,-184,4
182,193,0
188,186,0
113,-9,6
163,172,0
-62,-94,5
127,-18,6
-143,-94,3
-152,-98,3
167,171,0
-150,-104,3
-47,27,2
-177,-162,4
-41,14,2
22,-82,1
-61,37,2
-174,-168,4
-82,-72,5
-151,-94,3
133,-39,6
-154,-108,3
138,-133,7
17,-95,1
-81,-81,5
-168,-180,4
-57,8,2
33,-63,1
9,-98,1
-150,-114,3
130,-119,7
22,-59,1
-156,-109,3
-74,-75,5
116,-26,6
-149,-92,3
190,180,0
-42,16,2
193,174,0
-37,13,2
-51,18,2
-54,36,2
121,-29,6
-150,-99,3
27,-79,1
171,146,0
22,-76,1
27,-85,1
-88,-70,5
-7,-88,3
104,-22,6
115,-14,6
-179,-170,4
-76,-68,5
-156,-115,3
-66,8,2
-144,-104,3
134,-38,6
196,164,0
127,-122,7
-71,43,2
131,-99,7
5,-96,1
124,-34,6
121,-28,6
-174,-170,4
-34,22,2
-166,-169,4
-62,-67,5
-52,3,2
191,185,0
-59,23,2
194,156,0
120,7,6
129,-112,7
-77,-77,5
172,176,0
122,-31,6
-72,-87,5
-61,29,2
-145,-95,3
20,-89,1
-172,-164,4
-167,-177,4
-73,31,2
-146,-93,3
-59,-93,5
-56,21,2
-54,22,2
-50,36,2
133,-44,6
31,-71,1
-65,-68,5
106,-21,6
186,177,0
110,-22,6
21,-80,1
175,177,0
-174,-164,4
-46,36,2
135,-127,7
-171,-177,4
101,-126,7
-53,18,2
192,184,0
105,-19,6
-63,12,2
168,168,0
-49,29,2
135,-121,7
-48,34,2
184,170,0
-56,30,2
26,-77,1
-168,-163,4
-45,10,2
-78,-64,5
20,-70,1
114,-19,6
29,-86,1
168,180,0
116,-114,7
139,-111,7
175,156,0
135,-49,6
-94,-66,5
-152,-99,3
188,164,0
-155,-101,3
-177,-177,4
-79,-84,5
116,-103,7
-173,-175,4
-155,-129,3
175,183,0
-91,-74,5
122,-122,7
-67,-103,5
185,162,0
-127,-100,3
-67,-69,5
186,151,0
-45,14,2
-84,-77,5
-169,-172,4
-81,-75,5
-168,-175,4
9,-75,1
-139,-93,3
174,166,0
129,-126,7
-140,-96,3
-168,-172,4
-169,-170,4
7,-83,1
-59,-82,5
-146,-90,3
123,-25,6
-177,-181,4
-143,-105,3
-169,-164,4
124,-24,6
5,-83,1
135,-101,7
-141,-86,3
-164,-104,3
-97,-74,5
143,-117,7
130,-107,7
121,-20,6
-74,-78,5
-46,21,2
-63,10,2
17,-82,1
-172,-183,4
136,-129,7
-71,-65,5
-10,-83,1
-173,-164,4
141,-19,6
174,188,0
118,-29,6
-163,-171,4
179,150,0
26,-65,1
134,-11,6
117,-117,7
9,-82,1
27,-81,1
-38,8,2
20,-67,1
128,-138,7
-147,-107,3
181,160,0
-69,-79,5
189,171,0
-167,-173,4
-48,-75,5
-177,-172,4
184,169,0
-154,-122,3
169,160,0
-59,16,2
123,-30,6
-167,-169,4
182,159,0
-76,-74,5
176,179,0
131,-112,7
-179,-174,4
120,-23,6
13,-92,1
-152,-109,3
-81,-76,5
116,-11,6
-41,15,2
188,183,0
-178,-176,4
130,-20,6
-50,-68,5
-60,36,2
-43,15,2
182,178,0
-168,-97,3
112,-127,7
-71,-76,5
20,-72,1
14,-83,1
8,-51,1
183,176,0
-172,-174,4
184,180,0
134,-120,7
174,168,0
-52,21,2
189,163,0
30,-84,1
-159,-94,3
120,4,6
18,-87,1
25,-84,1
-150,-111,3
-166,-89,3
-79,-75,5
-163,-107,3
128,-128,7
-173,-118,3
178,155,0
129,-9,6
21,-75,1
-85,-78,5
131,-28,6
20,-83,1
-150,-88,3
-52,33,2
190,160,0
176,162,0
-150,-97,3
-61,39,2
-174,-170,4
110,-21,6
-52,20,2
126,-109,7
139,-119,7
168,181,0
-86,-94,5
184,169,0
-72,-67,5
-64,28,2
-64,24,2
128,-111,7
-166,-112,3
-65,-92,5
-169,-164,4
168,161,0
109,1,6
-172,-171,4
123,-121,7
17,-67,1
108,-10,6
-159,-101,3
-159,-105,3
-143,-84,3
-71,-77,5
-174,-170,4
184,180,0
-169,-171,4
-171,-170,4
188,180,0
-46,-72,5
176,163,0
-135,-98,3
190,153,0
-52,-72,5
-134,-109,3
-150,-92,3
-64,9,2
127,-12,6
-178,-173,4
-7,-73,1
-121,-105,3
-135,-101,3
-149,-90,3
-45,-4,2
-48,-68,5
-158,-85,3
-77,-65,5
175,167,0
129,-116,7
-89,-79,5
-70,-59,5
-167,-166,4
-149,-91,3
12,-86,1
12,-76,1
-163,-97,3
-81,-66,5
115,-117,7
-158,-92,3
-54,-81,5
26,-62,1
21,-72,1
-50,23,2
-45,22,2
-159,-102,3
107,-9,6
-143,-83,3
-35,20,2
145,-121,7
128,-131,7
-168,-176,4
-172,-170,4
181,172,0
179,165,0
-143,-102,3
181,181,0
-183,-165,4
181,176,0
-53,16,2
-171,-170,4
-173,-177,4
-159,-178,4
130,-23,6
105,-21,6
129,-13,6
-147,-86,3
-173,-168,4
180,172,0
132,-132,7
150,-107,7
136,-108,7
134,-128,7
168,168,0
-72,-97,5
-162,-163,4
-34,10,2
122,-110,7
110,-26,6
-145,-89,3
184,168,0
-73,-91,5
13,-87,1
130,-131,7
121,-116,7
-171,-168,4
15,-75,1
129,-111,7
170,173,0
127,-13,6
15,-87,1
-175,-170,4
-57,33,2
193,168,0
23,-84,1
-152,-100,3
173,164,0
-74,27,2
182,168,0
110,-39,6
31,-72,1
115,-17,6
139,-117,7
-65,-65,5
137,-128,7
-154,-102,3
-43,24,2
-153,-95,3
-41,9,2
26,-79,1
98,-31,6
-77,-94,5
114,-112,7
120,-18,6
-173,-163,4
28,-82,1
28,-85,1
-47,-2,2
-73,-65,5
-72,-81,5
-69,-82,5
-42,23,2
122,-20,6
-165,-167,4
-55,26,2
-44,28,2
-58,-84,5
-144,-113,3
187,163,0
187,169,0
-43,19,2
176,157,0
-67,-83,5
-159,-100,3
-72,-96,5
-52,25,2
-148,-98,3
-180,-171,4
121,-116,7
113,-11,6
-173,-166,4
-91,-76,5
20,-88,1
-148,-108,3
-80,-66,5
-173,-170,4
194,181,0
126,-41,6
129,-23,6
128,-121,7
-145,-102,3
-156,-101,3
183,189,0
-173,-173,4
130,-108,7
-167,-178,4
-145,-107,3
-59,-76,5
179,160,0
-152,-121,3
10,-82,1
138,-118,7
-173,-170,4
173,168,0
-69,-83,5
-48,5,2
-35,20,2
126,-25,6
127,-4,6
-153,-90,3
173,189,0
-168,-166,4
126,-118,7
-63,-80,5
-53,27,2
-138,-103,3
194,165,0
-46,15,2
19,-87,1
-168,-167,4
-48,36,2
141,-104,3
176,178,0
-17,10,2
-131,-80,3
-167,-175,4
-68,-65,5
135,-129,7
167,167,0
-81,-91,5
173,166,0
-40,35,2
-168,-164,4
191,193,0
-81,-72,5
-85,-68,5
-152,-91,3
-52,21,2
-68,-80,5
113,-23,6
-60,-86,5
127,-110,7
-176,-172,4
-39,9,2
108,-16,6
8,-80,1
18,-97,1
-173,-171,4
-64,33,2
181,163,0
131,-25,6
-57,-63,5
-170,-177,4
-52,-86,5
-154,-104,3
-154,-114,3
-167,-166,4
-141,-115,3
177,184,0
-47,32,2
-150,-93,3
-172,-182,4
-170,-171,4
-78,-96,5
-45,22,2
175,175,0
-175,-168,4
-82,-76,5
-166,-182,4
20,-77,1
142,-161,7
122,-19,6
-175,-180,4
111,-10,6
-176,-174,4
186,147,0
-82,-91,5
-146,-78,3
-178,-169,4
-56,1,2
-61,-4,2
166,165,0
169,178,0
110,-24,6
-166,-166,4
-160,-168,4
-154,-92,3
-73,-82,5
-99,-86,5
-142,-96,3
166,156,0
-70,-85,5
-53,28,2
182,178,0
113,-26,6
15,-84,1
-54,36,2
-168,-172,4
-172,-177,4
-169,-172,4
-171,-170,4
127,-14,6
171,189,0
-64,-80,5
181,181,0
140,-17,6
114,-17,6
170,177,0
127,-113,7
190,181,0
-140,-107,3
-42,43,2
-80,-96,5
-97,-85,5
14,-88,1
195,173,0
-151,-98,3
188,164,0
-150,-110,3
128,-28,6
-168,-170,4
29,-88,1
-56,42,2
-150,-99,3
-43,12,2
-143,-108,3
123,-32,6
-82,-1,2
-97,-80,5
120,-13,6
-168,-174,4
-180,-163,4
99,-19,6
117,-28,6
-49,13,2
-43,22,2
122,-26,6
-174,-165,4
11,-63,1
25,-88,1
-50,34,2
-32,11,2
172,186,0
131,-122,7
-153,-80,3
169,169,0
-178,-164,4
-53,20,2
-171,-170,4
-167,-172,4
138,-132,7
122,-28,6
42,-94,1
125,-15,6
-47,13,2
-82,-87,5
178,169,0
24,-62,1
-139,-102,3
198,174,0
-69,-89,5
16,-89,1
-137,-104,3
-135,-94,3
180,156,0
17,-68,1
-130,-105,3
-174,-179,4
-162,-100,3
-165,-172,4
-72,-79,5
27,-80,1
11,-84,1
-72,-88,5
193,163,0
173,180,0
1,-81,1
0,-90,1
99,-20,6
-86,-80,5
-70,-84,5
-172,-174,4
-171,-174,4
129,-121,7
-161,-98,3
-141,-95,3
126,-125,7
-53,15,2
135,-18,6
104,-29,6
-26,20,2
-47,13,2
-177,-170,4
27,-85,1
-131,-103,3
-161,-175,4
119,-39,6
-75,-84,5
-147,-105,3
-165,-174,4
196,147,0
174,147,0
177,165,0
28,-59,1
160,177,0
122,-12,6
-181,-166,4
-159,-169,4
39,-82,1
122,-14,6
-58,17,2
-61,17,2
107,-22,6
18,-78,1
128,-8,6
-41,24,2
183,168,0
5,-80,1
-154,-89,3
127,-122,7
-51,20,2
-80,-62,5
177,178,0
119,-24,6
117,-19,6
183,171,0
-145,-93,3
127,-20,6
116,-22,6
-56,-84,5
125,-125,7
-47,23,2
187,164,0
-181,-177,4
21,-81,1
179,164,0
151,-112,7
17,-83,1
-174,-172,4
118,8,6
-57,19,2
-76,105,5
-55,16,2
3,-70,1
178,166,0
-166,-172,4
178,171,0
119,-22,6
132,-4,6
-161,-88,3
-144,-106,3
116,-28,6
-52,28,2
-165,-168,4
-76,-77,5
129,-120,7
115,-40,6
-165,-96,3
-134,-115,3
15,-82,1
162,172,0
122,-6,6
-75,-81,5
-65,-81,5
166,183,0
177,174,0
-171,-168,4
-56,4,2
125,-124,7
106,-18,6
173,174,0
-152,-78,3
30,-68,1
-62,-71,5
35,-78,1
-164,-168,4
109,-30,6
-73,-71,5
131,-36,6
-81,-74,5
135,-112,7
118,-130,7
-174,-169,4
176,184,0
-169,-177,4
110,-115,7
115,-119,7
-52,14,2
177,190,0
177,173,0
-167,-172,4
187,167,0
-172,-178,4
139,-103,7
-149,-95,3
171,164,0
119,-18,6
24,-83,1
135,-109,7
15,-82,1
120,-10,6
136,-22,6
-140,-111,3
185,168,0
-135,-87,3
187,168,0
-174,-178,4
14,-80,1
-177,-174,4
-165,-164,4
20,-72,1
-167,-101,3
116,-24,6
117,-17,6
-174,-169,4
-168,-168,4
-162,-100,3
125,-124,7
-72,-75,5
-153,-112,3
34,-86,1
184,170,0
12,-58,1
-41,26,2
122,-14,6
186,176,0
145,-19,6
114,-1,6
120,-16,6
185,167,0
-80,-63,5
-166,-166,4
-32,18,2
-152,-111,3
181,171,0
183,176,0
-130,-107,3
102,-28,6
24,-91,1
-136,-115,3
-62,-70,5
-155,-93,3
-150,-107,3
-170,-165,4
135,-37,6
-156,-99,3
23,-68,1
-155,-122,3
134,-131,7
-74,-83,5
118,-27,6
116,-20,6
-155,-81,3
19,-82,1
-175,-170,4
175,171,0
9,-67,1
-168,-173,4
134,-26,6
141,-103,7
108,-26,6
-152,-91,3
-170,-169,4
131,-15,6
187,184,0
-167,-171,4
-145,-120,3
19,-92,1
137,-103,7
135,-127,7
134,-117,7
184,168,0
-74,-78,5
-85,-91,5
131,-22,6
26,-72,1
-78,-68,5
17,-94,1
13,-72,1
-158,-91,3
162,158,0
-171,-168,4
-66,-81,5
-9,187,0
-70,-77,5
132,-6,6
-41,27,2
-169,-170,4
37,-77,1
172,178,0
-76,-81,5
-55,8,2
126,-14,6
-52,11,2
-47,32,2
146,-129,7
98,-3,6
130,-116,7
-61,28,2
19,-80,1
-68,21,2
-77,-85,5
-164,-87,3
119,-141,7
110,-42,6
17,-94,1
115,-15,6
122,-13,6
182,173,0
-59,17,2
-57,16,2
127,-14,6
-158,-107,3
-164,-170,4
190,154,0
141,-130,7
-141,-107,3
-169,-165,4
-149,-96,3
-56,-80,5
125,-119,7
-142,-109,3
-51,-77,5
137,-117,7
-144,-117,3
17,-81,1
185,181,0
-173,-164,4
-68,-68,5
166,155,0
-58,-71,5
178,156,0
195,143,0
-174,-168,4
-48,13,2
132,-110,7
137,-22,6
122,-33,6
-40,4,2
187,159,0
117,-23,6
-156,-95,3
174,173,0
123,-38,6
95,-2,6
-54,15,2
118,-8,6
-45,35,2
-32,17,2
-158,-102,3
-77,-79,5
131,-13,6
114,3,6
17,-88,1
-72,-67,5
-40,8,2
17,-87,1
-75,-90,5
26,-79,1
25,-75,1
13,-73,1
-163,-162,4
118,-127,7
113,-121,7
129,-15,6
-174,-169,4
131,-120,7
195,172,0
-136,-109,3
13,-90,1
-70,-83,5
-161,-170,4
-43,-2,2
165,167,0
-172,-169,4
-74,-74,5
120,-32,6
11,-70,1
31,-77,1
-74,-84,5
-66,-84,5
21,-83,1
-168,-175,4
-152,-86,3
-57,24,2
170,162,0
-167,-167,4
9,-94,1
-61,26,2
12,-75,1
-168,-163,4
-90,-71,5
31,-89,1
-59,-78,5
8,-85,1
138,-120,7
-63,-98,5
190,167,0
131,-105,7
197,159,0
-172,-177,4
133,-10,6
-162,-109,3
172,179,0
145,-121,7
185,166,0
9,-80,1
137,-132,7
-150,-83,3
-137,-108,3
-68,-81,5
194,189,0
-152,-113,3
-84,-77,5
-85,-77,5
-80,-81,5
122,-26,6
129,-28,6
-36,26,2
-162,-182,4
164,174,0
146,-116,7
-68,-73,5
-50,31,2
125,-111,7
-166,-161,4
-158,-123,3
186,153,0
191,150,0
-157,-83,3
-82,-87,5
14,-71,1
-141,-103,3
20,-74,1
178,171,0
-166,-171,4
-85,-79,5
132,-117,7
34,-69,1
-154,-97,3
134,-110,7
-162,-118,3
-173,-168,4
-46,25,2
-156,-109,3
128,-139,7
-75,-84,5
133,-10,6
117,-21,6
138,-123,7
-142,-90,3
-137,-104,3
-57,17,2
139,-23,6
-134,-99,3
12,-78,1
-50,27,2
-52,27,2
14,-78,1
-179,-166,4
-46,23,2
-75,-77,5
13,-80,1
131,-13,6
137,-102,7
120,-17,6
121,-125,7
188,167,0
-173,-169,4
112,-24,6
-164,-170,4
175,155,0
137,-107,7
129,-120,7
-44,31,2
119,-11,6
-50,20,2
-173,-175,4
-144,-103,3
191,180,0
-146,-94,3
125,-111,7
-53,5,2
129,-115,7
170,170,0
140,4,6
-58,29,2
133,-95,7
-157,-105,3
-58,15,2
-155,-105,3
-176,-168,4
-54,23,2
-74,-105,5
133,-132,7
-158,-91,3
114,-8,6
-142,-105,3
-145,-98,3
126,-26,6
115,-124,7
-68,-74,5
14,-88,1
-153,-115,3
128,-119,7
-38,14,2
138,-109,7
-149,-94,3
135,-115,7
26,-69,1
-153,-102,3
174,176,0
-172,-171,4
178,160,0
-152,-109,3
18,-85,1
135,-98,7
-170,-183,4
-57,35,2
159,177,0
109,-25,6
178,165,0
-176,-177,4
-172,-170,4
118,-27,6
-139,-87,3
120,-125,7
132,-27,6
-35,19,2
129,-118,7
-163,-109,3
121,-20,6
-174,-166,4
171,174,0
-58,-51,5
31,-85,1
-78,-63,5
126,-28,6
-141,-101,3
-67,-79,5
-60,31,2
-78,-152,5
-156,-101,3
131,-134,7
-176,-170,4
-154,-104,3
120,-24,6
-178,-174,4
-163,-171,4
-145,-100,3
-59,24,2
-177,-169,4
-173,-169,4
-62,-82,5
-55,32,2
11,-71,1
-173,-177,4
-63,-89,5
186,169,0
-73,-85,5
-66,-82,5
-45,10,2
-51,5,2
-137,-91,3
122,-119,7
-167,-121,3
-172,-168,4
130,-110,7
-55,-68,5
-178,-174,4
-144,-104,3
181,175,0
-140,-96,3
-94,-76,5
118,-128,7
173,161,0
-33,26,2
186,165,0
-126,-91,3
127,-6,6
20,-81,1
-138,-100,3
171,175,0
124,-122,7
-168,-169,4
-142,-87,3
-53,35,2
115,-113,7
-160,-92,3
-70,-78,5
116,-111,7
27,-64,1
-69,-78,5
185,175,0
18,-93,1
-169,-77,3
144,-25,6
142,-12,6
-135,-83,3
122,-15,6
19,-72,1
17,-96,1
-177,-172,4
-54,26,2
21,-96,1
-176,-167,4
15,-59,1
-59,-78,5
163,164,0
131,-106,7
-160,-99,3
-168,-174,4
138,-120,7
18,-100,1
28,-87,1
-61,-100,5
-81,-79,5
25,-75,1
-79,-91,5
170,154,0
168,161,0
12,-81,1
121,-1,6
-44,25,2
-167,-176,4
-58,-73,5
-167,-167,4
146,-115,7
-76,-70,5
-48,2,2
-169,-168,4
-37,8,2
-64,-78,5
-54,25,2
118,-123,7
-175,-164,4
-136,-121,3
133,-26,6
142,-16,6
122,-16,6
-168,-170,4
-170,-168,4
-62,15,2
-57,23,2
-57,26,2
-35,25,2
-70,14,2
25,-77,1
-161,-86,3
17,-68,1
121,-121,7
-149,-110,3
-161,-100,3
-168,-176,4
-148,-120,3
145,-119,7
-68,-89,5
-46,6,2
-172,-162,4
-67,-87,5
102,-5,6
104,-23,6
180,167,0
141,-20,6
-149,-106,3
-169,-179,4
122,-24,6
-45,32,2
-73,-82,5
128,-130,7
-34,33,2
-168,-102,3
44,-71,1
13,-76,1
182,177,0
-54,6,2
109,-10,6
-182,-165,4
-163,-98,3
-167,-168,4
126,-5,6
-168,-108,3
172,184,0
-166,-170,4
103,-119,7
-152,-98,3
136,-12,6
122,-15,6
-55,10,2
115,-7,6
14,-79,1
174,164,0
122,-124,7
187,161,0
-153,-104,3
131,-126,7
24,-88,1
-56,-6,2
177,167,0
-48,26,2
-66,-78,5
-94,-75,5
18,-85,1
14,-97,1
162,181,0
-158,-173,4
-74,-82,5
120,-15,6
182,80,0
-162,-91,3
-48,38,2
-47,31,2
134,-119,7
23,-67,1
-145,-103,3
113,-20,6
104,-116,7
117,-111,7
155,-131,7
-70,-94,5
-67,-62,5
-36,16,2
18,-69,1
191,186,0
123,-125,7
15,-91,1
-66,-70,5
134,-114,7
14,-73,1
8,-78,1
181,174,0
-168,-170,4
191,183,0
-145,-114,3
104,-14,6
105,-37,6
-99,-97,5
-86,-73,5
-137,-91,3
3,-75,1
-79,-71,5
-59,36,2
107,-123,7
179,175,0
-65,-85,5
165,158,0
120,-110,7
-70,-77,5
-171,-172,4
-69,18,2
178,175,0
4,-71,1
-76,-86,5
-69,-76,5
111,-17,6
-73,-81,5
146,-114,7
-176,-165,4
-178,-176,4
-167,-160,4
181,173,0
148,-127,7
119,-120,7
-83,-81,5
22,-96,1
-137,-111,3
-145,-105,3
-171,-171,4
-168,-167,4
-73,-91,5
126,-29,6
-174,-173,4
-41,21,2
-78,-67,5
18,-87,1
-56,10,2
-42,14,2
110,-23,6
135,-136,7
119,-119,7
-76,-77,5
-169,-171,4
10,-84,1
-71,-88,5
25,-72,1
-171,-173,4
134,-121,7
-150,-90,3
-50,-77,5
-141,-96,3
-162,-103,3
-170,-174,4
123,-28,6
134,-99,7
-70,-75,5
120,-16,6
137,-130,7
-156,-103,3
29,-79,1
-1,-67,1
-64,-86,5
108,-16,6
108,-22,6
107,-27,6
181,163,0
14,-77,1
-165,-169,4
-156,-99,3
-158,-104,3
6,-83,1
-85,-81,5
-161,-176,4
-163,-175,4
-152,-104,3
29,-76,1
15,-80,1
195,160,0
102,-111,7
113,-33,6
129,-125,7
-72,-68,5
108,-28,6
178,183,0
117,-116,7
137,-8,6
136,-26,6
119,-12,6
26,-80,1
172,161,0
119,-16,6
-46,2,2
-74,-83,5
-71,-57,5
-169,-176,4
-167,-161,4
-165,-107,3
35,-71,1
190,168,0
-57,21,2
19,-68,1
-88,-99,5
-138,-102,3
-142,-105,3
27,-83,1
-81,-80,5
-144,-90,3
125,-124,7
-173,-170,4
-170,-172,4
128,-123,7
168,175,0
-156,-100,3
-63,-76,5
-40,9,2
144,-112,7
19,-89,1
-134,-98,3
174,160,0
119,-119,7
102,-30,6
-54,24,2
-77,-66,5
115,-27,6
-34,7,2
27,-85,1
-157,-95,3
15,-87,1
128,-108,7
180,155,0
-153,-107,3
11,-88,1
109,-25,6
118,-104,7
-8,-53,1
160,168,0
189,165,0
115,-22,6
-74,-94,5
21,-80,1
-64,14,2
185,176,0
-76,-76,5
137,-22,6
-67,-65,5
128,-19,6
-166,-172,4
-169,-172,4
-140,-99,3
2,-65,1
171,171,0
174,163,0
-165,-170,4
132,-123,7
127,-114,7
-167,-173,4
-75,-87,5
24,-79,1
169,162,0
113,-11,6
-162,-178,4
-65,26,2
117,-126,7
118,5,6
-163,-178,4
-53,-70,5
171,185,0
-134,-100,3
187,170,0
-175,-167,4
-69,-78,5
120,-27,6
-43,29,2
-127,-93,3
-171,-178,4
-82,-81,5
8,-87,1
129,-116,7
-63,22,2
124,-24,6
186,157,0
9,-97,1
-167,-164,4
13,-80,1
120,-17,6
186,157,0
138,-114,7
29,-82,1
0,-68,1
-56,8,2
-58,-104,5
131,-23,6
135,-109,7
25,-70,1
189,161,0
113,-29,6
106,-20,6
-59,37,2
-60,27,2
-55,16,2
-167,-167,4
-77,-86,5
-146,-94,3
-63,-65,5
-162,-82,3
14,-79,1
123,-17,6
109,-118,7
-145,-103,3
-157,-101,3
126,-123,7
101,-39,6
-81,-97,5
-70,13,2
-73,-92,5
-175,-172,4
185,169,0
-44,13,2
103,-9,6
-59,26,2
182,163,0
-163,-173,4
-70,-57,5
-165,-156,4
175,179,0
186,192,0
135,-115,7
181,162,0
130,-125,7
-145,-94,3
142,-112,7
-35,10,2
122,-129,7
-154,-110,3
156,-109,7
19,-59,1
-42,28,2
130,-134,7
-84,-81,5
-46,29,2
-63,-74,5
-79,-70,5
30,-81,1
-159,-99,3
-177,-167,4
-147,-117,3
121,-16,6
-90,-85,5
-62,31,2
-61,-89,5
-149,-98,3
27,-87,1
-83,-88,5
116,-21,6
34,-65,1
-65,-72,5
-78,-82,5
-156,-99,3
114,-140,7
-64,3,2
-164,-101,3
-167,-110,3
-51,1,2
-37,13,2
27,-81,1
126,-127,7
96,-36,6
-61,-90,5
-156,-81,3
-160,-120,3
-146,-103,3
183,168,0
-81,-93,5
-169,-167,4
-169,-173,4
-78,-92,5
-171,-169,4
-168,-164,4
-50,-95,5
-149,-79,3
-159,-103,3
-167,-179,4
-168,-163,4
-169,-168,4
-152,-112,3
-36,20,2
178,164,0
-153,-72,3
17,-75,1
-77,-93,5
-178,-163,4
-62,-82,5
-158,-99,3
181,155,0
124,-125,7
-47,32,2
127,-135,7
23,-92,1
-130,-78,3
-171,-166,4
-54,40,2
-168,-166,4
139,-114,7
-156,-95,3
-166,-168,4
-71,-84,5
10,-70,1
-60,-83,5
26,-84,1
112,-19,6
119,-24,6
-166,-167,4
-65,-95,5
124,-117,7
184,164,0
171,175,0
-149,-91,3
-149,-96,3
-168,-93,3
-51,30,2
117,-120,7
-47,19,2
141,-117,7
-178,-170,4
-170,-174,4
126,-27,6
-59,-74,5
-172,-173,4
13,-70,1
-70,-98,5
-164,-178,4
189,160,0
128,-16,6
189,180,0
-169,-170,4
106,-32,6
-72,-83,5
140,-149,7
114,-116,7
185,168,0
198,176,0
-74,-80,5
132,-108,7
113,-24,6
125,-121,7
189,177,0
138,-107,7
139,-122,7
-38,-8,2
-169,-168,4
-36,28,2
-47,8,2
17,-93,1
133,-118,7
-57,-81,5
-74,-80,5
177,176,0
173,166,0
12,-71,1
176,167,0
-176,-172,4
-91,-79,5
180,159,0
176,173,0
161,174,0
-65,-96,5
115,-10,6
136,-128,7
-77,-90,5
-62,-88,5
119,-133,7
176,172,0
119,-101,7
-170,-173,4
17,-83,1
31,-67,1
-73,-87,5
-144,-116,3
-148,-80,3
-180,-173,4
109,-26,6
-47,29,2
127,-22,6
-54,16,2
112,-26,6
-82,-76,5
-72,-79,5
11,-67,1
96,-111,7
126,-127,7
-77,-53,5
-37,15,2
-169,-92,3
18,-55,1
-165,-181,4
116,-12,6
-172,-170,4
42,-71,1
33,-84,1
130,-129,7
12,-70,1
185,170,0
-158,-96,3
183,163,0
-138,-104,3
-171,-165,4
20,-77,1
-68,-84,5
139,-120,7
193,163,0
-138,-95,3
179,147,0
-143,-94,3
-69,-62,5
-62,-79,5
130,-25,6
-73,-93,5
24,-69,1
100,-25,6
-174,-160,4
24,-91,1
136,-131,7
18,-86,1
18,-66,1
-54,19,2
-61,-71,5
-85,-78,5
-44,24,2
-66,-91,5
130,-113,7
27,-87,1
-146,-89,3
120,-12,6
-118,-103,3
127,-120,7
-165,-163,4
188,169,0
-144,-108,3
172,173,0
-51,25,2
-154,-99,3
129,-118,7
-49,39,2
119,-132,7
-167,-169,4
12,-76,1
144,-128,7
-140,-96,3
-145,-108,3
119,-122,7
22,-79,1
106,-8,6
-177,-177,4
120,-7,6
-76,-75,5
123,-10,6
-174,-178,4
-134,-77,3
113,-19,6
136,-127,7
-52,30,2
186,177,0
19,-86,1
33,-80,1
-47,8,2
141,-126,7
-74,-85,5
-138,-101,3
137,-109,7
120,-43,6
-144,-122,3
-161,-96,3
-142,-116,3
35,-94,1
180,165,0
133,-15,6
138,-119,7
-132,-112,3
23,-62,1
-43,18,2
-168,-173,4
137,-107,7
-169,-166,4
142,-140,7
128,-114,7
17,-87,1
-177,-103,3
188,174,0
158,-117,7
165,168,0
193,169,0
-146,-94,3
129,-117,7
111,-23,6
-177,-169,4
-52,-95,5
-170,-172,4
-170,-172,4
-174,-166,4
-170,-178,4
-157,-113,3
-47,13,2
-170,-169,4
183,174,0
-68,-92,5
-47,22,2
124,-36,6
117,-23,6
182,160,0
126,-20,6
129,-121,7
131,-118,7
-171,-171,4
13,-83,1
183,171,0
113,-17,6
-165,-168,4
-66,-79,5
-153,-175,4
-168,-126,3
-43,21,2
-146,-98,3
-150,-84,3
-173,-170,4
-41,23,2
-145,-92,3
113,-114,7
131,-12,6
128,-134,7
-63,-94,5
-63,9,2
110,-16,6
-173,-173,4
138,-19,6
-151,-101,3
-43,33,2
-163,-93,3
-47,25,2
26,-77,1
167,163,0
145,-117,7
178,166,0
124,-142,7
-69,-65,5
-62,-76,5
7,-76,1
-71,-72,5
-167,-179,4
126,-12,6
177,150,0
-62,-88,5
-45,7,2
-171,-169,4
-57,-69,5
-141,-97,3
-160,-106,3
-66,-80,5
-60,-84,5
-175,-163,4
-161,-100,3
-91,-85,5
117,-29,6
-147,-82,3
22,-73,1
-163,-168,4
119,-8,6
141,-22,6
-50,18,2
29,-74,1
110,-40,6
134,-123,7
169,164,0
-41,17,2
34,-79,1
-180,-172,4
136,-128,7
129,-117,7
129,-117,7
180,186,0
184,171,0
-54,15,2
-142,-111,3
-48,-86,5
-176,-173,4
-60,-67,5
143,-123,7
-145,-100,3
-171,-175,4
-63,19,2
122,-34,6
-160,-165,4
-89,-54,5
-148,-101,3
-43,4,2
-172,-164,4
125,-123,7
-45,22,2
-175,-68,3
-150,-101,3
173,170,0
-63,25,2
176,169,0
-144,-107,3
117,-33,6
-60,-85,5
-162,-97,3
-49,28,2
-176,-165,4
134,-112,7
-75,29,2
24,-84,1
-65,-67,5
-146,-117,3
-53,10,2
181,167,0
-51,26,2
104,-24,6
-56,28,2
127,-11,6
-167,-182,4
-64,4,2
-177,-165,4
127,-29,6
-94,-72,5
-73,15,2
-73,-96,5
-177,-178,4
196,184,0
129,-3,6
-84,-72,5
171,181,0
169,169,0
181,171,0
-164,-170,4
-60,11,2
-81,-73,5
-54,24,2
-54,33,2
-168,-166,4
108,-26,6
192,165,0
-169,-171,4
-79,-73,5
108,-116,7
144,-139,7
119,-128,7
-64,26,2
-75,-78,5
18,-88,1
130,-25,6
-139,-101,3
131,-120,7
128,-19,6
95,-8,6
193,154,0
-165,-169,4
-53,5,2
-159,-168,4
-64,22,2
127,-117,7
-151,-91,3
-174,-170,4
103,-13,6
-50,36,2
-158,-121,3
-59,6,2
119,-19,6
-35,33,2
-176,-168,4
-148,-92,3
125,-119,7
-170,-165,4
174,188,0
173,161,0
120,-10,6
191,173,0
-57,-71,5
-167,-161,4
129,-109,7
-175,-169,4
30,-97,1
116,-14,6
33,-89,1
-150,-92,3
108,-117,7
115,-110,7
26,-82,1
131,-16,6
-66,-75,5
-35,23,2
-58,-74,5
-174,-170,4
-142,-100,3
-64,-92,5
-56,-91,5
-53,14,2
-168,-168,4
4,-90,1
-54,28,2
-47,-91,5
-58,-71,5
-178,-167,4
113,-24,6
132,-123,7
-162,-97,3
13,-72,1
19,-81,1
182,176,0
-142,-113,3
-156,-178,4
22,-81,1
-162,-174,4
136,-148,7
29,-73,1
152,-114,7
179,188,0
-152,-120,3
-73,-75,5
180,168,0
-69,-80,5
184,164,0
-170,-177,4
178,183,0
-53,-75,5
123,-21,6
183,146,0
33,-74,1
-83,-75,5
130,-111,7
138,-120,7
-78,-78,5
192,162,0
-69,-89,5
124,-131,7
126,-17,6
28,-74,1
-60,-71,5
-66,-94,5
-142,-98,3
27,-76,1
-157,-97,3
130,6,6
197,-166,4
115,-11,6
-64,-73,5
-26,16,2
129,-24,6
-174,-169,4
106,-26,6
-150,-94,3
169,174,0
-66,35,2
138,-19,6
-164,-123,3
21,-65,1
-155,-104,3
129,-101,7
128,5,6
-60,12,2
-64,25,2
174,171,0
16,-87,1
124,-28,6
174,155,0
174,173,0
-169,-72,3
-171,-112,3
-60,-82,5
-50,15,2
97,-27,6
16,-73,1
-65,-82,5
18,-82,1
-155,-104,3
-55,-94,5
17,-96,1
133,-27,6
14,-78,1
176,174,0
-166,-170,4
-165,-168,4
127,-28,6
-165,-158,4
145,-130,7
7,-71,1
-137,-120,3
177,177,0
-48,35,2
128,-29,6
118,-19,6
174,183,0
189,170,0
-59,21,2
-51,16,2
-149,-97,3
-171,-164,4
-167,-163,4
150,-123,7
181,177,0
107,-22,6
-172,-177,4
182,163,0
-78,-68,5
126,-22,6
13,-70,1
121,-130,7
-46,18,2
14,-93,1
-152,-94,3
-167,-169,4
-58,-78,5
115,-113,7
192,178,0
186,155,0
-58,17,2
26,-68,1
163,182,0
130,-116,7
-48,23,2
19,-92,1
124,-127,7
-43,-98,5
133,-115,7
-160,-174,4
14,-85,1
125,-114,7
193,168,0
197,163,0
-83,-87,5
-176,-169,4
132,-118,7
-56,17,2
28,-70,1
-68,35,2
-175,-173,4
-65,23,2
171,160,0
20,-68,1
121,-110,7
26,-76,1
-171,-175,4
-166,-173,4
108,2,6
-65,13,2
191,175,0
-56,-68,5
-169,-106,3
134,-123,7
191,173,0
144,-124,7
131,-129,7
-45,7,2
11,-70,1
-77,-74,5
-173,-172,4
-59,21,2
180,166,0
-69,13,2
-63,-80,5
-48,10,2
161,183,0
156,-112,7
-73,-79,5
186,168,0
2,-78,1
139,-118,7
174,159,0
28,-70,1
-85,-75,5
-174,-175,4
-65,1,2
-169,-165,4
29,-80,1
-170,-173,4
-153,-104,3
184,167,0
192,160,0
-173,-172,4
-162,-171,4
124,-30,6
-152,-95,3
-42,2,2
-171,-172,4
113,-37,6
-36,26,2
-53,35,2
-89,-81,5
115,-100,7
-54,13,2
-70,-80,5
18,-80,1
-68,-84,5
-65,28,2
-161,-103,3
-43,26,2
117,-6,6
-69,-91,5
127,-3,6
21,-75,1
193,169,0
-67,-77,5
126,-13,6
115,-23,6
123,-123,7
116,-29,6
33,-75,1
8,-77,1
-22,14,2
118,-9,6
-173,-169,4
-160,-112,3
132,-121,7
-62,14,2
17,-93,1
-172,-169,4
-149,-102,3
-172,-180,4
-166,-171,4
118,-16,6
184,145,0
22,-65,1
-70,-69,5
119,-23,6
8,-77,1
-165,-168,4
-65,15,2
-48,30,2
25,-91,1
125,-27,6
-58,-81,5
13,-67,1
-164,-179,4
32,-77,1
121,-114,7
11,-97,1
-50,11,2
132,-117,7
124,-8,6
3,-90,1
130,-115,7
-48,14,2
-170,-178,4
-70,-85,5
-151,-105,3
-64,-78,5
-59,-96,5
-50,23,2
191,172,0
-73,-87,5
119,-10,6
-49,22,2
-167,-168,4
127,-23,6
9,-85,1
-72,-57,5
-148,-101,3
23,-84,1
-51,-3,2
-143,-100,3
-172,-175,4
131,-122,7
-169,-176,4
174,179,0
-152,-125,3
-48,20,2
174,167,0
-157,-104,3
-71,-84,5
111,-22,6
133,-29,6
38,-70,1
-52,21,2
175,174,0
192,168,0
186,166,0
-166,-163,4
-38,-4,2
-91,-71,5
-156,-101,3
118,-26,6
-176,-168,4
150,-110,7
137,-136,7
16,-70,1
127,-123,7
21,-67,1
-147,-111,3
173,165,0
32,-84,1
187,182,0
133,-23,6
-87,-98,5
-148,-111,3
173,161,0
20,-76,1
105,-16,6
-62,-75,5
-73,-92,5
-168,-176,4
126,-23,6
-42,22,2
181,178,0
147,-118,7
-71,-96,5
-48,-71,5
148,-112,7
17,-84,1
19,-80,1
161,166,0
-60,-88,5
132,-117,7
133,-126,7
-170,-168,4
118,-120,7
-142,-122,3
-39,16,2
-175,-172,4
179,149,0
-176,-170,4
-163,-165,4
161,171,0
39,-77,1
189,154,0
9,-76,1
-165,-175,4
-173,-172,4
18,-57,1
-155,-118,3
111,-10,6
120,-119,7
130,-112,7
112,-4,6
-58,15,2
-46,39,2
-169,-165,4
107,-15,6
-144,-106,3
106,-3,6
23,-87,1
-74,-73,5
19,-70,1
133,-113,7
-60,-83,5
146,-117,7
141,-117,7
198,152,0
176,180,0
180,166,0
127,-35,6
-173,-176,4
33,-95,1
-121,-71,3
131,-24,6
7,-77,1
12,-75,1
-62,14,2
-145,-113,3
4,-72,1
25,-75,1
-41,14,2
-174,-168,4
189,175,0
-52,12,2
-55,-100,5
186,169,0
124,-128,7
-61,-73,5
126,-6,6
-56,27,2
125,-123,7
-166,-165,4
-70,-68,5
176,163,0
-126,-98,3
122,-123,7
10,-75,1
119,-29,6
-168,-167,4
128,-117,7
25,-75,1
-156,-115,3
-81,-82,5
-76,-73,5
-82,-91,5
194,176,0
121,-128,7
-71,-104,5
178,174,0
17,-69,1
-50,-85,5
116,-120,7
116,-124,7
157,-116,7
-63,27,2
-151,-115,3
28,-80,1
-90,-79,5
-141,-102,3
-174,-176,4
126,-128,7
131,-12,6
93,-7,6
-170,-165,4
-179,-170,4
-183,-173,4
182,161,0
123,-124,7
130,-3,6
-56,-75,5
192,174,0
-142,-86,3
132,-118,7
-170,-162,4
-51,19,2
-160,-93,3
112,-33,6
-73,-75,5
133,-119,7
-148,-94,3
129,-123,7
-169,-162,4
181,186,0
-42,30,2
13,-72,1
-157,-86,3
115,-18,6
-64,-87,5
134,-16,6
-152,-98,3
119,-9,6
-148,-84,3
143,-109,7
-152,-101,3
-160,-97,3
-166,-170,4
127,-17,6
-85,-69,5
39,-86,1
123,-122,7
-149,-82,3
103,-120,7
-36,32,2
177,191,0
189,159,0
-65,-78,5
116,-33,6
18,-79,1
32,-71,1
-55,30,2
-172,-167,4
114,-90,7
-54,-5,2
-169,-165,4
11,-67,1
-149,-103,3
114,-25,6
117,-12,6
127,-36,6
-46,20,2
179,179,0
-38,23,2
38,-81,1
134,-112,7
30,-81,1
-76,-61,5
114,-25,6
106,5,6
-37,6,2
-41,13,2
38,-60,1
119,-15,6
125,-20,6
181,168,0
-66,-89,5
-42,11,2
14,-69,1
124,-120,7
129,-129,7
114,-27,6
133,-114,7
168,172,0
-177,-174,4
-58,-78,5
-55,-55,5
181,160,0
-52,-7,2
183,195,0
-151,-123,3
133,-31,6
115,-14,6
-150,-102,3
-70,-82,5
30,-74,1
161,-122,7
-144,-92,3
131,-41,6
155,-117,7
166,168,0
6,-84,1
132,-133,7
-58,30,2
10,-89,1
-175,-174,4
-178,-164,4
115,-26,6
146,-131,7
141,-122,7
-172,-166,4
136,-123,7
-176,-163,4
-160,-115,3
125,-13,6
103,-21,6
197,165,0
133,-116,7
23,-85,1
177,167,0
108,-8,6
-165,-165,4
-150,-104,3
124,-29,6
-154,-107,3
-156,-111,3
-170,-99,3
106,5,6
119,-8,6
-70,-91,5
179,175,0
-174,-164,4
-133,-100,3
-172,-172,4
133,-125,7
-174,-169,4
-84,-99,5
189,162,0
-58,-64,5
9,-77,1
-51,33,2
135,-123,7
-74,-73,5
-68,-88,5
122,-116,7
-140,-108,3
174,171,0
194,171,0
-4,-70,1
-174,-114,3
21,-80,1
-146,-107,3
34,-83,1
182,173,0
-65,-65,5
-52,8,2
180,182,0
178,171,0
-84,-90,5
135,-116,7
114,-29,6
-46,36,2
-80,-68,5
21,-82,1
-72,-87,5
143,-117,7
14,-71,1
115,-34,6
126,-127,7
127,-9,6
168,185,0
-167,-178,4
-149,-97,3
-32,26,2
-163,-167,4
179,162,0
-90,-80,5
7,-84,1
-164,-167,4
139,-132,7
36,-81,1
-44,33,2
-174,-173,4
-141,-107,3
-69,-84,5
-170,-164,4
-36,21,2
-54,4,2
-79,-88,5
123,-5,6
-156,-107,3
117,-12,6
-65,23,2
132,-117,7
130,-14,6
-60,-66,5
130,-132,7
-70,-86,5
-60,7,2
-71,-99,5
167,167,0
-166,-175,4
-169,-174,4
-57,27,2
181,182,0
176,156,0
-47,11,2
-165,-176,4
14,-88,1
128,-132,7
175,169,0
186,162,0
19,-88,1
20,-91,1
-57,-72,5
15,-93,1
179,162,0
-42,9,2
-174,-170,4
-169,-170,4
133,-113,7
192,152,0
119,-123,7
-34,10,2
23,-89,1
16,-76,1
182,183,0
107,-23,6
114,-14,6
-12,-76,1
-175,-165,4
-151,-105,3
-172,-174,4
-74,-71,5
-167,-168,4
-172,-171,4
130,-11,6
-175,-178,4
-70,-97,5
-156,-94,3
193,176,0
-147,-113,3
-48,16,2
-65,-68,5
-153,-98,3
-75,-74,5
107,-10,6
-145,-104,3
-163,-121,3
117,-23,6
118,-113,7
125,-118,7
122,-10,6
-59,16,2
14,-106,1
198,164,0
110,-37,6
-172,-176,4
-156,-91,3
-45,26,2
-173,-172,4
112,-18,6
-43,47,2
-84,-87,5
-74,-80,5
132,-132,7
-67,-80,5
-141,-117,3
117,-18,6
115,-39,6
123,-39,6
-127,-95,3
119,-23,6
159,161,0
176,162,0
14,-64,1
118,-102,7
29,-89,1
127,-120,7
144,-128,7
29,-87,1
14,-88,1
-162,-92,3
-55,18,2
-171,-167,4
-171,-171,4
8,-73,1
36,-88,1
-89,-88,5
163,168,0
-46,20,2
121,-19,6
135,-126,7
9,-85,1
172,172,0
149,-126,7
-172,-169,4
120,-141,7
-45,15,2
-69,-74,5
184,174,0
-65,-84,5
-54,24,2
-72,16,2
-63,-73,5
-49,7,2
-4,-76,1
-60,-82,5
129,-13,6
-66,-89,5
183,164,0
-155,-99,3
171,164,0
-56,13,2
-72,-74,5
-157,-96,3
123,-121,7
-137,-116,3
-74,-73,5
22,-63,1
116,-109,7
137,-8,6
-169,-171,4
25,-68,1
16,-86,1
-143,-87,3
119,-114,7
-146,-112,3
36,-83,1
171,171,0
-177,-173,4
104,-135,7
110,-121,7
-66,-74,5
-58,-79,5
191,164,0
-14,14,2
1,-86,1
-59,-80,5
23,-74,1
-74,8,2
172,171,0
-173,-168,4
-167,-173,4
-154,-95,3
-59,-63,5
-139,-103,3
103,-133,7
-53,23,2
137,-134,7
24,-78,1
16,-92,1
40,-80,1
-166,-169,4
-171,-167,4
136,-120,7
116,-22,6
-64,9,2
110,-16,6
32,-88,1
119,-34,6
9,-58,1
22,-101,1
-44,15,2
159,141,0
-44,31,2
124,-125,7
177,168,0
117,-112,7
-61,28,2
-171,-167,4
-39,26,2
-166,-163,4
-166,-170,4
143,-122,7
-76,-70,5
-176,-170,4
-179,-167,4
-76,-67,5
-171,-178,4
-171,-171,4
140,-134,7
-154,-92,3
188,161,0
-166,-168,4
172,170,0
124,-120,7
188,184,0
-169,-170,4
-56,17,2
-174,-172,4
-66,-91,5
-156,-114,3
106,-34,6
23,-68,1
26,-69,1
-169,-164,4
-67,-79,5
21,-73,1
-52,14,2
-52,28,2
136,-123,7
11,-67,1
-64,-93,5
180,165,0
-140,-91,3
-150,-114,3
-47,21,2
12,-67,1
3,-88,1
-177,-170,4
-153,-99,3
-61,-115,5
-83,-89,5
116,-11,6
-74,-90,5
-139,-111,3
109,-19,6
-133,-87,5
18,-71,1
-161,-97,3
-58,-65,5
4,-76,1
134,-104,7
131,-117,7
22,-81,1
-62,-72,5
-29,17,2
-53,24,2
-167,-167,4
-78,-78,5
-55,38,2
5,-87,1
-152,-103,3
30,-93,1
-156,-100,3
-149,-123,3
-175,-171,4
28,-69,1
132,-110,7
-161,-172,4
-159,-90,3
115,-24,6
-69,-80,5
-162,-100,3
196,162,0
-141,-100,3
145,-27,6
133,-133,7
-56,20,2
-146,-106,3
-151,-83,3
181,170,0
-78,-75,5
-136,-82,3
-171,-166,4
180,155,0
117,-19,6
-143,-106,3
-171,-167,4
134,-29,6
138,-125,7
-74,-80,5
-172,-173,4
5,-56,1
-53,27,2
184,155,0
-175,-172,4
-72,-81,5
20,-80,1
-37,29,2
110,-17,6
109,-116,7
128,-33,6
-136,-100,3
126,-40,6
-62,-85,5
25,-63,1
198,165,0
-170,-169,4
130,-23,6
25,-82,1
123,-126,7
-70,-75,5
-39,30,2
-157,-105,3
173,169,0
143,-123,7
-42,20,2
-174,-175,4
-86,-81,5
138,-115,7
21,-74,1
-148,-111,3
175,179,0
-62,15,2
-167,-171,4
-70,-78,5
-168,-172,4
-69,47,2
131,-127,7
196,166,0
118,-28,6
192,178,0
18,-83,1
-174,-170,4
28,-74,1
-89,-88,5
-2,-92,1
11,-71,1
-64,-79,5
135,-21,6
118,-16,6
185,157,0
-46,16,2
178,172,0
176,171,0
-71,-82,5
-46,27,2
-72,-87,5
-167,-163,4
-159,-85,3
-81,-68,5
21,-76,1
125,-129,7
120,-12,6
-152,-91,3
133,-113,7
-174,-177,4
188,159,0
-132,-111,3
135,-13,6
-156,-97,3
161,161,0
9,-69,1
-164,-169,4
-181,-101,3
24,-82,5
-173,-168,4
129,-26,6
-136,-103,3
14,-70,1
165,187,0
-58,-62,5
22,-80,1
111,-8,6
-45,22,2
-177,-164,4
126,-108,7
-159,-118,3
-153,-102,3
127,-23,6
-178,-164,4
128,-10,6
117,-19,6
177,152,0
118,-35,6
-55,10,2
176,179,0
140,-129,7
149,-11,6
-48,34,2
-172,-174,4
-151,-74,3
23,-81,1
32,-87,1
-57,23,2
-176,-167,4
29,-90,1
-151,-104,3
-70,-2,2
140,-115,7
133,-112,7
183,169,0
22,-79,1
-84,-69,5
15,-87,1
183,173,0
144,-99,7
-153,-74,3
172,175,0
-65,19,2
126,-14,6
-52,17,2
-144,-111,3
-174,-172,4
131,-115,7
-60,-94,5
182,173,0
-168,-164,4
-146,-96,3
113,-26,6
-69,-77,5
169,167,0
31,-72,1
7,-86,1
193,164,0
-50,22,2
175,185,0
-148,-95,3
19,-90,1
170,183,0
-153,-116,3
-134,-98,3
124,-121,7
-62,31,2
19,-95,1
119,-118,7
-150,-106,3
-63,-68,5
-57,24,2
-128,-112,3
-70,-77,5
144,-123,7
-64,-83,5
-46,25,2
-54,37,2
-69,-78,5
133,-118,7
184,167,0
-154,-104,3
132,-117,7
139,-7,6
-167,-169,4
136,-134,7
-47,18,2
131,-37,6
-70,-71,5
-51,10,2
-148,-101,3
17,-81,1
106,-34,6
181,190,0
6,-77,1
-156,-103,3
-173,-173,4
23,-71,1
117,-16,6
-169,-169,4
12,-83,1
117,-21,6
-136,-103,3
-135,-97,3
-183,-177,4
-63,-82,5
-152,-101,3
-52,31,2
-161,-95,3
-76,-79,5
197,176,0
-153,-91,3
118,-14,6
-143,-93,3
-163,-174,4
29,-90,1
14,-62,1
125,-11,6
32,-65,1
156,191,0
-140,-115,3
-90,-92,5
124,-112,7
-71,-92,5
122,-113,7
133,-18,6
-69,-70,5
123,-9,6
-67,-5,2
-77,-89,5
144,-119,7
-41,25,2
-70,-60,5
-82,-70,5
28,-93,1
129,9,6
-67,-74,5
32,-87,1
-168,-169,4
-78,-79,5
117,-25,6
-182,-175,4
-61,31,2
14,-76,1
-169,-172,4
-163,-169,4
11,-95,1
-44,31,2
129,-107,7
-68,-84,5
-47,28,2
-170,-168,4
-167,-173,4
170,161,0
130,-115,7
28,-84,1
-167,-174,4
-60,5,2
-154,-92,3
136,-135,7
-178,-181,4
-166,-168,4
-141,-100,3
-175,-174,4
42,-86,1
13,-99,1
21,-76,1
-171,-177,4
28,-83,1
-174,-178,4
114,-7,6
-175,-172,4
173,154,0
-147,-93,3
-173,-167,4
117,-22,6
8,-70,1
-176,-93,3
127,-125,7
178,182,0
-170,-159,4
15,-74,1
-53,20,2
171,162,0
172,179,0
175,165,0
107,-19,6
-163,-86,3
-154,-95,3
148,-125,7
105,-35,6
172,165,0
-42,25,2
43,-82,1
115,-17,6
-146,-106,3
-173,-173,4
-42,25,2
126,-30,6
112,-117,7
193,166,0
-164,-164,4
-143,-98,3
-59,26,2
-157,-164,4
12,-71,1
116,-13,6
11,-80,1
108,-32,6
-57,12,2
132,-108,7
35,-80,1
-64,9,2
99,-20,6
-79,-80,5
191,168,0
162,154,0
-45,36,2
173,158,0
126,-17,6
-51,15,2
-67,-74,5
-68,-79,5
-162,-86,3
-173,-169,4
-59,-85,5
133,-119,7
-61,19,2
107,-15,6
-171,-174,4
131,-120,7
-177,-169,4
-51,-73,5
119,-110,7
124,-107,7
-173,-170,4
-46,7,2
-60,-69,5
-164,-106,3
140,-118,7
