X,Y,GRUP
124,-26,6
113,-11,6
46,-71,1
-167,-168,4
175,169,0
-156,-95,3
-47,31,2
22,-79,1
20,-95,1
15,-88,1
-168,-102,3
-62,-86,5
-80,-82,5
-126,-106,3
-44,-67,5
-73,-82,5
178,156,0
-60,-82,5
-165,-168,4
-171,-167,4
-69,-77,5
-76,-93,5
-60,-86,5
183,180,0
-46,16,2
17,-71,1
120,-33,6
28,-101,1
189,161,0
-62,-62,5
-75,-65,5
-39,12,2
-49,22,2
31,-86,1
-64,-82,5
16,-78,1
-166,-171,4
-146,-85,3
111,-1,6
-167,-114,3
-56,-93,5
-166,-177,4
-160,-118,3
-65,-66,5
189,163,0
-170,-163,4
27,-80,1
-79,-89,5
-173,-171,4
123,-14,6
176,160,0
179,169,0
-67,-88,5
-37,24,2
-177,-168,4
177,194,0
-166,-171,4
-54,33,2
120,-16,6
165,181,0
173,183,0
-56,5,2
-56,31,2
-172,-173,4
-149,-100,3
-175,-161,4
-148,-110,3
33,-86,1
27,-56,1
-156,-80,3
6,-80,1
35,-85,1
118,-19,6
-162,-104,3
-82,-68,5
18,-82,1
116,-33,6
21,-76,1
168,160,0
-170,-174,4
20,-77,1
-67,-71,5
163,179,0
184,160,0
-30,25,2
-65,-98,5
-173,-172,4
-60,25,2
-77,34,2
-66,-72,5
-169,-181,4
26,-89,1
-164,-102,3
-157,-94,3
-145,-91,3
181,173,0
-165,-160,4
170,179,0
-54,13,2
-44,13,2
111,-9,6
-58,19,2
-70,-83,5
-81,-78,5
-48,15,2
-156,-96,3
9,-70,1
10,-82,1
182,166,0
-66,-73,5
189,164,0
118,-31,6
-74,-80,5
113,-15,6
117,-24,6
14,-73,1
125,-7,6
-67,30,2
-64,31,2
128,-16,6
132,-26,6
24,-77,1
-75,-74,5
-176,-171,4
-143,-96,3
-158,-119,3
130,-43,6
16,-69,1
-66,6,2
181,152,0
-73,-96,5
4,-91,1
-77,-86,5
196,168,0
21,-85,1
-147,-90,3
-44,33,2
-168,-176,4
-54,5,2
-154,-85,3
-139,-109,3
-50,37,2
116,-16,6
24,-67,1
188,167,0
124,-28,6
-47,6,2
-48,51,2
176,183,0
-44,18,2
3,-73,1
19,-67,1
15,-76,1
-146,-103,3
5,-66,1
-34,15,2
-171,-102,3
-58,-88,5
-70,-103,5
-169,-168,4
15,-102,1
192,149,0
165,181,0
197,172,0
182,165,0
170,181,0
-48,18,2
173,181,0
108,-6,6
19,-75,1
-148,-106,3
-61,-75,5
-145,-111,3
192,170,0
-54,25,2
182,188,0
21,-83,1
-162,-175,4
-47,28,2
-170,-168,4
-160,-113,3
-173,-169,4
-168,-161,4
178,187,0
-167,-174,4
182,162,0
-172,-172,4
164,172,0
-168,-177,4
-50,16,2
-56,-74,5
-132,-113,3
11,-70,1
-175,-171,4
-68,-75,5
182,162,0
-36,13,2
-72,12,2
-53,19,2
-59,-65,5
-172,-169,4
15,-78,1
-42,24,2
-88,-79,5
-51,7,2
185,168,0
-95,-77,5
-159,-94,3
116,-12,6
182,190,0
25,-78,1
180,179,0
-57,-79,5
19,-72,1
122,-22,6
-149,-109,3
12,-70,1
-63,21,2
-40,20,2
183,174,0
-172,-93,3
197,171,0
7,-95,1
-162,-130,3
182,163,0
-48,0,2
160,165,0
-82,-76,5
22,-87,1
-76,179,5
-170,-162,4
27,-86,1
22,-95,1
-131,-107,3
-163,-111,3
-53,21,2
-174,-173,4
-125,-101,3
-46,11,2
114,-20,6
-152,-83,3
12,-97,1
-40,18,2
-69,8,2
117,-5,6
-74,-88,5
-59,-92,5
-152,-98,3
93,-23,6
-174,-181,4
15,-81,1
126,-32,6
17,-84,1
128,-26,6
-85,-65,5
114,-29,6
-65,-71,5
-81,-90,5
-153,-97,3
-173,-177,4
13,-100,1
-61,7,2
8,-82,1
-167,-164,4
-149,-101,3
170,187,0
138,-26,6
8,-84,1
-135,-103,3
-169,-173,4
185,158,0
-46,25,2
-42,21,2
-43,24,2
-159,-168,4
108,-21,6
-139,-106,3
-176,-171,4
10,-83,1
-155,-118,3
176,165,0
24,-84,1
-45,32,2
33,-92,1
168,184,0
-141,-101,3
-169,-172,4
-2,-62,1
7,-89,1
129,-16,6
21,-76,1
17,-85,1
-57,13,2
-66,-87,5
-75,-68,5
-156,-97,3
171,172,0
13,-96,1
-175,-175,4
175,177,0
131,-37,6
-173,-85,3
128,-51,6
134,-20,6
-174,-169,4
-177,-166,4
178,143,0
-175,-176,4
16,-75,1
-72,11,2
-66,29,2
-176,-164,4
-43,26,2
-67,-90,5
18,-95,1
-76,-75,5
-174,-108,3
-171,-175,4
-148,-119,3
-74,-85,5
-161,-90,3
169,164,0
186,164,0
-152,-119,3
31,-87,1
16,-77,1
-164,-177,4
193,172,0
116,-24,6
-157,-98,3
133,-13,6
178,176,0
-51,13,2
-84,-86,5
-160,-97,3
-175,-174,4
159,180,0
-151,-100,3
25,-77,1
26,-88,1
-169,-179,4
17,-93,1
-163,-102,3
104,-20,6
-172,-172,4
107,-36,6
-179,-166,4
-35,10,2
-144,-118,3
-58,19,2
-65,-70,5
112,-26,6
-1,-85,1
-46,11,2
118,-27,6
122,-22,6
-152,-109,3
-118,-87,3
177,171,0
-65,-78,5
189,173,0
-64,-80,5
164,164,0
167,165,0
-142,-97,3
-47,33,2
193,178,0
-166,-166,4
135,-33,6
-45,10,2
190,153,0
-170,-174,4
-67,18,2
112,-14,6
18,-73,1
-76,-91,5
-64,-80,5
18,-67,1
22,-94,1
-157,-170,4
123,-15,6
169,175,0
-64,21,2
-40,-1,2
-52,-81,5
111,-13,6
125,-12,6
33,-83,1
119,-23,6
-54,36,2
19,-76,1
-137,-101,3
20,-74,1
-65,-83,5
116,-15,6
180,168,0
186,191,0
125,-13,6
39,-88,1
24,-84,1
176,165,0
130,-31,6
113,-27,6
-170,-168,4
-140,-106,3
169,183,0
-46,13,2
-182,-165,4
-54,-89,5
-79,-86,5
135,-29,6
-52,31,2
-46,21,2
-76,-79,5
123,-22,6
127,-26,6
166,172,0
0,-72,1
-162,-170,4
122,-23,6
-69,16,2
24,-86,1
-128,-97,3
-64,20,2
14,-64,1
-61,-66,5
-169,-170,4
-76,-67,5
-173,-170,4
-161,-162,4
-180,-176,4
120,-37,6
-151,-100,3
-67,16,2
120,-39,6
111,-38,6
-31,7,2
-31,27,2
-157,-99,3
-91,-88,5
-88,-72,5
-45,26,2
-65,26,2
125,-19,6
-69,-87,5
-53,26,2
-53,14,2
-143,-90,3
128,-36,6
-71,-76,5
194,171,0
-155,-95,3
-161,-89,3
119,-10,6
-159,-170,4
172,182,0
-160,-109,3
-59,-72,5
-173,-172,4
7,-97,1
-68,-77,5
-150,-115,3
-72,-85,5
-43,31,2
-153,-96,3
-173,-177,4
-55,-80,5
-52,-66,5
-55,-61,5
-73,-81,5
-39,3,2
-173,-168,4
-52,5,2
-140,-101,3
-75,-68,5
-163,-94,3
123,-19,6
-173,-176,4
-161,-92,3
-174,-174,4
-124,-100,3
-169,-164,4
-63,-86,5
-166,-97,3
-36,29,2
31,-70,1
25,-83,1
-140,-93,3
103,-15,6
-58,35,2
116,-19,6
176,171,0
-4,-92,1
-75,-70,5
128,-12,6
-71,-75,5
-61,4,2
-29,22,2
-160,-89,3
18,-74,1
-166,-172,4
-69,-92,5
-151,-90,3
32,-96,1
183,189,0
176,170,0
118,-2,6
-38,23,2
168,150,0
20,-67,1
-24,21,2
127,-13,6
-157,-99,3
111,-22,6
-129,-109,3
121,-34,6
13,-90,1
-43,12,2
-41,25,2
-146,-96,3
-163,-104,3
-65,26,2
26,-100,1
-63,-98,5
-166,-166,4
18,-65,1
186,176,0
179,173,0
20,-79,1
179,168,0
20,-95,1
-70,12,2
128,-15,6
-43,21,2
-165,-180,4
172,180,0
-80,-87,5
15,-102,1
177,181,0
-150,-86,3
-168,-176,4
-76,-94,5
-174,-169,4
136,-30,6
-56,-84,5
-63,25,2
25,-95,1
130,-15,6
-157,-100,3
123,-40,6
23,-74,1
-85,-78,5
119,-19,6
-157,-97,3
124,-36,6
-159,-108,3
-148,-85,3
-56,-67,5
187,156,0
-167,-178,4
-80,-99,5
113,-17,6
122,-9,6
110,-8,6
165,165,0
181,194,0
-173,-172,4
2,-88,1
-137,-99,3
176,163,0
-49,5,2
-67,-58,5
-156,-101,3
166,158,0
4,-74,1
-132,-88,3
-62,-78,5
-54,42,2
-72,-79,5
-72,-88,5
33,-75,1
124,-18,6
-61,-87,5
177,169,0
-61,27,2
-63,16,2
-48,8,2
-155,-169,4
-77,-85,5
-74,-77,5
33,-72,1
-39,36,2
-75,-69,5
-43,44,2
188,163,0
-163,-174,4
-160,-169,4
-179,-167,4
-164,-163,4
28,-90,1
24,-91,1
117,-25,6
116,-9,6
-179,-172,4
-51,16,2
-177,-167,4
-167,-169,4
181,155,0
22,-86,1
-150,-108,3
138,-44,6
172,157,0
-158,-107,3
-144,-104,3
176,190,0
129,-24,6
35,-58,1
-168,-167,4
-178,-164,4
-159,-75,3
-170,-172,4
-79,-63,5
-86,-83,5
-73,-70,5
110,-22,6
162,161,0
-66,-83,5
-145,-116,3
19,-88,1
-57,23,2
-37,4,2
-70,-79,5
-149,-103,3
-175,-174,4
156,167,0
-26,21,2
112,-5,6
-146,-102,3
107,-25,6
-134,-94,3
175,181,0
-154,-93,3
110,-27,6
-146,-108,3
-72,-82,5
178,188,0
-170,-164,4
172,188,0
-53,19,2
-140,-95,3
-132,-98,3
29,-101,1
-143,-84,3
29,-97,1
-74,-103,5
36,-86,1
135,-22,6
121,-12,6
-177,-168,4
128,-4,6
-67,-88,5
162,193,0
-159,-95,3
183,164,0
115,-14,6
-64,-74,5
-62,-81,5
-148,-95,3
18,-68,1
-64,-75,5
184,177,0
118,-35,6
118,-25,6
16,-64,1
191,177,0
-135,-89,3
-51,23,2
-148,-102,3
-163,-168,4
124,-15,6
-54,30,2
-57,-77,5
-158,-90,3
24,-89,1
27,-94,1
-64,24,2
133,-6,6
-150,-93,3
180,148,0
-156,-84,3
123,-10,6
-171,-165,4
18,-74,1
-166,-171,4
116,-23,6
179,186,0
-61,-84,5
-40,16,2
26,-66,1
-51,25,2
111,-24,6
-170,-171,4
121,-21,6
115,-31,6
104,-9,6
-37,39,2
186,173,0
-61,22,2
-171,-168,4
-62,-103,5
39,-74,1
-80,-90,5
33,-90,1
-148,-95,3
11,-71,1
168,156,0
-147,-124,3
128,-38,6
178,165,0
134,-11,6
111,-27,6
-38,30,2
-77,-77,5
-163,-113,3
-45,11,2
187,181,0
-166,-170,4
119,-18,6
-3,-86,1
-163,-93,3
97,-13,6
-162,-101,3
118,-16,6
-88,-85,5
-161,-98,3
-43,11,2
132,-4,6
-175,-172,4
-62,-97,5
-171,-174,4
2,-72,1
-50,23,2
-49,5,2
-55,29,2
-52,12,2
-56,23,2
-94,-83,5
56,-71,1
-170,-172,4
-44,16,2
-65,21,2
170,175,0
130,-26,6
119,-2,6
26,-88,1
-173,-178,4
-44,20,2
-73,-89,5
-53,20,2
118,-15,6
110,-9,6
16,-86,1
51,-72,1
103,-22,6
-72,-73,5
194,169,0
122,-25,6
118,-11,6
183,163,0
185,159,0
-28,36,2
-68,10,2
140,-20,6
-69,-72,5
-65,-89,5
181,176,0
-63,19,2
-176,-106,3
10,-66,1
-166,-174,4
-70,-85,5
-170,-161,4
-39,13,2
25,-82,1
-74,-76,5
-44,24,2
180,186,0
-163,-172,4
24,-75,1
165,173,0
111,-5,6
-168,-179,4
-160,-103,3
15,-89,1
-42,28,2
123,-34,6
-98,-88,5
-152,-106,3
-79,-80,5
-176,-163,4
-155,-114,3
-67,-79,5
-171,-168,4
-50,13,2
-171,-170,4
-163,-166,4
-75,-76,5
167,161,0
-170,-130,3
125,-20,6
182,150,0
30,-63,1
126,-32,6
18,-90,1
161,176,0
-156,-157,4
115,-27,6
-168,-174,4
12,-76,1
-170,-168,4
16,-74,1
-133,-84,3
-44,21,2
-157,-110,3
126,-2,6
-160,-93,3
-73,-92,5
186,167,0
-73,-88,5
128,-24,6
-176,-180,4
180,171,0
-52,9,2
-85,-93,5
-47,-89,5
-164,-172,4
-81,-71,5
-163,-103,3
-50,27,2
-66,25,2
-164,-173,4
-51,11,2
174,168,0
-85,-88,5
-176,-176,4
114,-8,6
25,-82,1
183,181,0
-144,-94,3
198,169,0
-149,-81,3
184,167,0
-49,-8,2
-78,-66,5
166,158,0
-172,-163,4
-59,3,2
-158,-95,3
-38,24,2
-57,-68,5
-69,17,2
-157,-94,3
169,187,0
-149,-113,3
-168,-172,4
-173,-165,4
-157,-109,3
180,172,0
-174,-178,4
105,-23,6
-84,-92,5
-152,-107,3
-84,-90,5
119,-1,6
111,-30,6
10,-70,1
121,-22,6
180,178,0
27,-65,1
15,-101,1
-48,11,2
-52,22,2
-46,35,2
-66,-70,5
5,-70,1
-74,-55,5
185,180,0
-99,-82,5
-48,32,2
-166,-169,4
53,-93,1
-158,-102,3
112,-15,6
-90,-69,5
-80,-84,5
21,-84,1
-169,-172,4
121,-22,6
-150,-113,3
-145,-98,3
14,-84,1
12,-68,1
183,182,0
-142,-112,3
130,-37,6
-58,27,2
-63,-84,5
169,181,0
125,-25,6
27,-85,1
172,162,0
28,-87,1
18,-75,1
-47,22,2
25,-77,1
128,-17,6
-175,-168,4
20,-82,1
-60,17,2
20,-83,1
-163,-165,4
-145,-114,3
130,-22,6
168,174,0
-69,-84,5
14,-67,1
188,154,0
-176,-169,4
-63,-87,5
-45,14,2
-28,8,2
9,-86,1
-182,-179,4
-153,-94,3
-77,-81,5
112,-30,6
-55,-47,5
-1,-90,1
22,-84,1
129,-12,6
-43,20,2
187,163,0
-153,-117,3
-175,-173,4
27,-83,1
-163,-95,3
20,-70,1
-158,-93,3
169,179,0
-75,-86,5
-160,-101,3
-177,-171,4
24,-89,1
21,-73,1
-170,-166,4
-164,-173,4
-144,-106,3
31,-74,1
179,161,0
-61,-80,5
-157,-81,3
114,-21,6
186,185,0
116,-14,6
-73,-76,5
-61,-77,5
117,-25,6
-157,-173,4
21,-57,1
20,-66,1
-149,-102,3
-37,19,2
177,174,0
184,167,0
-152,-107,3
26,-92,1
-31,26,2
-177,-157,4
-170,-166,4
-57,12,2
-63,5,2
-81,-85,5
110,-20,6
134,-22,6
-178,-167,4
-71,-69,5
-167,-169,4
113,-5,6
-66,8,2
-179,-106,3
183,176,0
-162,-170,4
191,153,0
-62,-68,5
-48,29,2
-59,25,2
-64,-59,2
123,-28,6
41,-81,1
-170,-97,3
198,172,0
26,-73,1
-153,-106,3
-167,-177,4
-172,-166,4
165,172,0
-174,-178,4
106,-20,6
118,-14,6
27,-78,1
123,-31,6
-167,-167,4
-65,-88,5
-169,-165,4
179,164,0
-173,-171,4
23,-70,1
-159,-106,3
-61,-71,5
183,186,0
113,-19,6
-165,-170,4
183,166,0
177,162,0
-143,-100,3
190,181,0
-143,-101,3
-146,-87,3
17,-93,1
-66,-69,5
-167,-164,4
-70,-89,5
-60,18,2
-130,-114,3
-170,-180,4
194,172,0
110,-9,6
-56,15,2
-171,-174,4
21,-78,1
179,156,0
-133,-105,3
173,157,0
111,-30,6
133,-19,6
-67,26,2
-74,-83,5
158,151,0
-164,-94,3
-65,-76,5
-46,25,2
188,163,0
-160,-107,3
-172,-166,4
113,-20,6
-169,-169,4
-55,32,2
-43,17,2
-167,-175,4
123,-21,6
-52,29,2
-74,-63,5
-146,-99,3
183,157,0
-162,-111,3
-49,13,2
-182,-170,4
-138,-101,3
182,161,0
135,-23,6
177,154,0
-76,-79,5
113,-22,6
-142,-103,3
-67,1,2
-170,-174,4
-80,-84,5
-160,-90,3
-168,-173,4
-152,-94,3
190,-98,3
-86,-91,5
-143,-81,3
-150,-95,3
-67,-84,5
-172,-163,4
186,182,0
178,179,0
181,162,0
11,-86,1
104,-5,6
-159,-101,3
113,-22,6
175,170,0
-163,-180,4
-168,-161,4
-71,-68,5
21,-60,1
-144,-97,3
14,-79,1
196,172,0
-146,-121,3
170,167,0
-69,-91,5
-24,34,2
162,166,0
-153,-93,3
132,-8,6
32,-87,1
186,161,0
117,-12,6
-167,-179,4
-173,-171,4
23,-73,1
183,169,0
-168,-174,4
171,168,0
18,-97,1
-60,31,2
-157,-102,3
-58,27,2
-65,-82,5
22,-48,1
-140,-95,3
110,-11,6
-38,-77,5
-69,-76,5
174,186,0
139,-28,6
-158,-93,3
26,-58,1
-167,-167,4
177,168,0
-37,27,2
103,-13,6
-160,-91,3
-166,-170,4
183,161,0
22,-80,1
174,172,0
-61,-90,5
-77,-62,5
115,-9,6
119,-28,6
-165,-162,4
29,-70,1
-178,-173,4
-168,-167,4
180,169,0
143,-19,6
120,-13,6
192,194,0
-179,-176,4
-170,-169,4
-142,-94,3
112,1,6
-49,21,2
111,-29,6
-76,-83,5
-27,29,2
-52,4,2
-43,34,2
-179,-167,4
-159,-103,3
13,-78,1
-73,-74,5
14,-80,1
-149,-104,3
-40,27,2
-142,-80,3
199,189,0
-56,46,2
-74,-72,5
167,166,0
-176,-168,4
-133,-101,3
-165,-166,4
8,-81,1
176,156,0
-168,-167,4
130,-15,6
-26,20,2
23,-85,1
-151,-98,3
192,167,0
-75,-83,5
-66,-74,5
-76,-76,5
-140,-92,3
121,-21,6
-62,31,2
-168,-91,3
-168,-173,4
-173,-170,4
-126,-113,3
-48,20,2
175,161,0
-151,-93,3
106,-37,6
-162,-163,4
-171,-170,4
115,-23,6
-158,-115,3
-148,-114,3
-142,-93,3
-150,-115,3
-159,-167,4
28,-81,1
18,-77,1
121,-5,6
122,-24,6
-150,-113,3
121,-8,6
184,167,0
-140,-88,3
-145,-103,3
-60,-82,5
-172,-170,4
50,-82,1
-151,-92,3
-47,10,2
-50,16,2
172,174,0
124,-11,6
-166,-173,4
195,181,0
-168,-171,4
17,-97,1
-80,-66,5
-145,-99,3
-74,-83,5
-174,-101,3
26,-80,1
-166,-176,4
-76,-79,5
28,-92,1
177,183,0
-47,21,2
-45,31,2
-141,-109,3
123,-15,6
-174,-172,4
105,-12,6
-48,23,2
-145,-85,3
-148,-97,3
175,180,0
-168,-174,4
-64,-90,5
123,-25,6
-134,-90,3
-167,-166,4
-46,19,2
-80,-83,5
-178,-176,4
-79,-73,5
-49,15,2
-56,8,2
24,-88,1
125,-18,6
-175,-165,4
-73,-73,5
184,168,0
28,-61,1
16,-74,1
40,-75,1
-150,-104,3
119,-18,6
-62,34,2
123,-15,6
163,185,0
172,174,0
-167,-170,4
-88,-91,5
-58,27,2
194,176,0
-44,12,2
163,169,0
-165,-172,4
-82,-64,5
199,173,0
-169,-92,3
-146,-102,3
11,-74,1
-38,-98,5
133,-31,6
-149,-93,3
-170,-172,4
176,183,0
33,-90,1
-160,-169,4
31,-87,1
-87,-84,5
-159,-101,3
-177,-174,4
-77,-96,5
-69,-78,5
-150,-93,3
26,-89,1
129,-23,6
-67,-79,5
123,-28,6
-69,-69,5
125,-16,6
-165,-173,4
-140,-109,3
-72,-73,5
-44,22,2
-166,-177,4
172,166,0
-170,-170,4
178,178,0
-42,44,2
119,-19,6
-154,-87,3
-79,-75,5
-173,-161,4
188,155,0
24,-68,1
130,-6,6
17,-76,1
-47,15,2
27,-73,1
-177,-172,4
-157,-96,3
34,-64,1
-54,-71,5
-27,28,2
164,169,0
112,-23,6
170,173,0
-82,-78,5
-170,-172,4
13,-79,1
-62,-95,5
-64,-85,5
9,-65,1
-164,-165,4
125,-23,6
-45,41,2
184,168,0
-150,-100,3
178,170,0
-56,32,2
-169,-177,4
120,-27,6
129,-24,6
-63,31,2
119,-9,6
-166,-166,4
-173,-175,4
-169,-169,4
124,-15,6
171,156,0
-79,-75,5
-159,-114,3
23,-62,1
-69,2,2
194,164,0
-173,-170,4
115,-34,6
-154,-92,3
36,-94,1
20,-83,1
-76,-88,5
22,-77,1
-68,-67,5
104,-34,6
-76,-65,5
12,-88,1
-59,24,2
-85,-71,5
16,-70,1
-62,-75,5
174,180,0
-72,-84,5
-49,0,2
7,-70,1
-168,-165,4
-170,-176,4
146,-9,6
-145,-90,3
-58,42,2
-60,30,2
-61,31,2
-36,31,2
-61,-90,5
-173,-176,4
-70,-81,5
43,-75,1
-140,-111,3
128,-26,6
-62,-62,5
-170,-169,4
133,-26,6
133,-2,6
192,176,0
-56,27,2
12,-83,1
-50,-64,5
28,-79,1
-179,-174,4
188,168,0
-63,-82,5
20,-83,1
-177,-164,4
189,180,0
161,150,0
-179,-180,4
-169,-173,4
170,166,0
179,158,0
185,169,0
133,-12,6
-156,-111,3
-43,19,2
-51,-71,5
-58,27,2
-168,-176,4
-52,17,2
-150,-96,3
162,181,0
24,-73,1
-54,42,2
-43,19,2
131,-6,6
-54,33,2
120,5,6
-162,-167,4
23,-85,1
-70,-97,5
193,177,0
139,-9,6
20,-82,1
170,162,0
-174,-166,4
-42,31,2
13,-87,1
24,-77,1
34,-80,1
-50,21,2
-72,-71,5
14,-97,1
11,-72,1
105,-24,6
-65,-82,5
121,-11,6
37,-83,1
7,-80,1
18,-69,1
-5,-79,1
-72,-86,5
-162,-111,3
114,-21,6
-70,7,2
-45,26,2
-172,-171,4
-112,-100,3
-55,20,2
-60,18,2
15,-71,1
18,-77,1
11,-75,1
100,-7,6
-64,-62,5
128,-15,6
127,-16,6
-168,-173,4
174,176,0
119,-8,6
114,-8,6
-76,-74,5
178,176,0
103,-42,6
-174,-177,4
122,-20,6
-47,23,2
-71,-90,5
-62,-84,5
-53,-71,5
-46,30,2
6,-86,1
-156,-106,3
2,-87,1
-57,16,2
31,-90,1
22,-75,1
30,-72,1
13,-81,1
-77,-73,5
-92,-92,5
-178,-173,4
116,-18,6
-28,9,2
-156,-102,3
174,166,0
118,-31,6
-171,-169,4
-167,-169,4
23,-76,1
-154,-134,3
-140,-110,3
-176,-173,4
129,-37,6
-72,-91,5
183,164,0
129,-26,6
23,-98,1
-167,-162,4
171,192,0
-70,25,2
-70,9,2
-40,13,2
16,-79,1
114,-20,6
-164,-176,4
-171,-171,4
-59,15,2
-137,-100,3
20,-63,1
9,-66,1
-140,-79,3
-68,-60,5
135,-24,6
106,-23,6
-166,-172,4
114,-20,6
30,-81,1
-172,-177,4
43,-76,1
108,-13,6
-162,-102,3
121,-3,6
-176,-173,4
15,-79,1
-53,-90,5
21,-83,1
164,171,0
174,168,0
137,-15,6
-170,-92,3
-60,-95,5
-81,-71,5
-63,11,2
-124,-86,3
185,160,0
17,-68,1
190,182,0
175,186,0
173,194,0
-174,-171,4
-149,-110,3
-150,-92,3
-170,-168,4
108,-22,6
-44,21,2
-33,32,2
116,-36,6
-176,-170,4
-38,32,2
23,-66,1
-163,-168,4
139,-28,6
-162,-88,3
179,165,0
183,194,0
-172,-172,4
114,-24,6
125,-33,6
35,-77,1
-63,-81,5
47,-82,1
199,183,0
-71,-84,5
124,-18,6
170,172,0
21,-82,1
-173,-100,3
165,180,0
-67,-83,5
116,-18,6
132,-3,6
117,-18,6
28,-76,1
124,-31,6
-116,-101,3
-56,24,2
-147,-96,3
181,173,0
103,2,6
-60,-82,5
195,169,0
-75,-62,5
118,-8,6
-139,-107,3
-30,26,2
-157,-99,3
-156,-97,3
-70,-79,5
-149,-101,3
-176,-179,4
-180,-171,4
15,-78,1
-154,-106,3
-167,-101,3
-59,12,2
-63,-75,5
-168,-164,4
-175,-168,4
-78,-78,5
107,-35,6
186,175,0
22,-84,1
6,-82,1
182,170,0
184,158,0
-84,-75,5
-156,-91,3
-170,-173,4
129,-37,6
114,-13,6
122,-21,6
183,169,0
110,-24,6
128,-16,6
113,-33,6
104,-25,6
121,-2,6
15,-89,1
-67,-91,5
39,-82,1
-65,-74,5
181,169,0
172,164,0
129,-13,6
139,-23,6
18,-68,1
122,-21,6
29,-100,1
-66,-72,5
-55,-73,5
-17,26,2
-68,-77,5
-58,-99,5
180,176,0
-143,-99,3
-72,-99,5
-40,23,2
175,177,0
-148,-92,3
-169,-168,4
127,-27,6
-61,-90,5
-66,-84,5
179,148,0
103,-17,6
33,-93,1
109,-24,6
0,-76,1
-63,-83,5
108,-28,6
22,-70,1
31,-71,1
-42,13,2
120,-10,6
131,-21,6
130,-29,6
-134,-87,3
-66,-93,5
-175,-171,4
-65,-81,5
-69,-69,5
-146,-107,3
120,-21,6
180,183,0
199,187,0
-68,-82,5
112,-26,6
177,169,0
-170,-93,3
-161,-169,4
-152,-94,3
-178,-171,4
-166,-171,4
177,182,0
-44,25,2
-172,-172,4
-58,-75,5
-152,-95,3
188,174,0
-170,-160,4
127,-26,6
-57,-88,5
7,-86,1
-144,-98,3
118,-39,6
-141,-103,3
161,162,0
16,-91,1
-166,-103,3
-148,-108,3
-87,-78,5
-145,-97,3
-161,-100,3
-178,-173,4
113,-17,6
-133,-97,3
-151,-84,3
-149,-95,3
-156,-120,3
191,181,0
-168,-163,4
-159,-97,3
-149,-110,3
-68,-70,5
134,-28,6
19,-68,1
173,169,0
180,179,0
120,-15,6
-168,-166,4
118,-26,6
173,168,0
-170,-168,4
17,-64,1
-54,-73,5
188,151,0
14,-90,1
-1,-84,1
40,-83,1
91,-28,6
-160,-101,3
-41,13,2
-71,-86,5
180,175,0
124,-25,6
-167,-169,4
29,-78,1
-62,-87,5
-169,-163,4
-165,-171,4
-46,12,2
-170,-172,4
-53,26,2
-166,-172,4
111,-10,6
-145,-102,3
-159,-89,3
-44,14,2
113,-33,6
-75,-73,5
-170,-174,4
29,-88,1
168,178,0
-52,13,2
-66,-78,5
-173,-159,4
106,-23,6
-47,29,2
-38,16,2
184,169,0
-64,35,2
-71,-100,5
9,-94,1
-53,18,2
-162,-91,3
22,-82,1
-61,-78,5
-57,17,2
-78,-90,5
-67,12,2
-139,-105,3
189,159,0
-61,-79,5
160,169,0
171,171,0
-79,-88,5
24,-72,1
-148,-81,3
-56,-81,5
17,-73,1
-53,5,2
-53,14,2
-50,19,2
-83,-91,5
-36,13,2
-166,-162,4
-53,-86,5
-143,-103,3
20,-87,1
110,2,6
175,167,0
-69,-91,5
-165,-164,4
-164,-171,4
24,-84,1
110,-27,6
32,-89,1
-77,-76,5
32,-98,1
-37,26,2
124,-21,6
124,-34,6
-155,-103,3
-60,13,2
-143,-98,3
-59,-80,5
113,-4,6
178,161,0
-63,23,2
-169,-169,4
23,-72,1
10,-76,1
-147,-115,3
-137,-92,3
189,182,0
-175,-167,4
184,156,0
-64,-83,5
21,-67,1
188,184,0
20,-79,1
-55,-81,5
-177,-160,4
115,-17,6
-50,12,2
193,184,0
-173,-174,4
-170,-107,3
-148,-98,3
-152,-102,3
-54,-99,5
-161,-86,3
186,177,0
8,-75,1
183,156,0
-144,-98,3
19,-68,1
-146,-92,3
-38,24,2
-163,-81,3
-74,-83,5
-76,-79,5
-150,-109,3
181,162,0
-49,19,2
186,155,0
17,-71,1
127,-2,6
26,-57,1
173,158,0
12,-82,1
-168,-171,4
38,-100,1
186,154,0
-69,-72,5
-162,-164,4
-168,-176,4
121,-23,6
-158,-80,3
-57,9,2
-175,-89,3
-151,-101,3
11,-92,1
-137,-100,3
109,-7,6
-75,-82,5
-157,-109,3
-62,16,2
19,-61,1
-79,-80,5
-167,-167,4
-73,-76,5
-67,-92,5
22,-82,1
-160,-162,4
184,179,0
-39,27,2
-167,-172,4
115,-13,6
1,-86,1
-168,-172,4
24,-77,1
20,-89,1
17,-77,1
-147,-103,3
157,157,0
-52,24,2
-41,22,2
-64,-88,5
180,168,0
-172,-171,4
-55,-94,5
28,-81,1
118,-20,6
-43,18,2
-161,-159,4
14,-87,1
-174,-173,4
179,173,0
19,-68,1
-58,-80,5
23,-81,1
29,-63,1
166,179,0
-155,-107,3
117,-3,6
178,170,0
-70,-84,5
-174,-169,4
-41,9,2
-159,-105,3
-52,9,2
31,-82,1
-168,-85,3
5,-102,1
-80,-74,5
-164,-171,4
-173,-169,4
-145,-101,3
168,174,0
188,167,0
-61,-84,5
27,-99,1
-159,-102,3
131,-25,6
173,183,0
16,-78,1
126,-19,6
111,-26,6
121,-20,6
110,-24,6
-51,23,2
-172,-174,4
-53,29,2
128,-23,6
-89,-73,5
-57,-88,5
-166,-169,4
187,178,0
-67,-87,5
-34,37,2
183,160,0
-76,-84,5
110,-16,6
-140,-81,3
-172,-173,4
-157,-98,3
-156,-108,3
-160,-98,3
-60,6,2
-164,-163,4
-169,-166,4
30,-92,1
3,-96,1
14,-73,1
-90,-79,5
183,162,0
-73,-84,5
-158,-104,3
161,166,0
-150,-101,3
-163,-174,4
-140,-109,3
-24,39,2
-73,-89,5
-80,-55,5
-62,-78,5
186,175,0
22,-74,1
-63,-60,5
28,-85,1
8,-68,1
-167,-164,4
-145,-109,3
104,-21,6
-147,-90,3
-180,-158,4
-139,-111,3
-75,-74,5
-53,20,2
113,-26,6
-163,-103,3
-145,-96,3
-147,-96,3
-166,-172,4
-46,23,2
194,178,0
-72,-75,5
1,-96,1
-161,-113,3
-133,-79,3
37,-68,1
107,2,6
129,-19,6
-150,-103,3
111,-21,6
197,171,0
-179,-164,4
-143,-92,3
-146,-94,3
-84,-63,5
-155,-99,3
-57,-69,5
-38,29,2
123,-14,6
-64,23,2
25,-73,1
-151,-111,3
-153,-115,3
-68,-85,5
113,-28,6
7,-84,1
105,-23,6
-153,-78,3
-6,-61,1
-174,-169,4
23,-95,1
-175,-169,4
-175,-169,4
-168,-168,4
-168,-173,4
-167,-164,4
-50,24,2
-63,-69,5
28,-70,1
189,168,0
188,157,0
-172,-169,4
182,149,0
-147,-102,3
114,-31,6
-69,-76,5
-51,25,2
-169,-166,4
-132,-99,3
115,-9,6
-96,-83,5
24,-69,1
-67,-88,5
21,-84,1
17,-90,1
111,-9,6
-167,-171,4
119,-19,6
-163,-172,4
-63,-95,5
174,178,0
123,-12,6
129,-23,6
119,-26,6
172,178,0
190,161,0
-91,-89,5
-67,-81,5
34,-86,1
-64,-86,5
-178,-167,4
-159,-100,3
-163,-104,3
-155,-101,3
124,-18,6
-168,-172,4
-160,-79,3
177,169,0
-33,14,2
-132,-92,3
-135,-93,3
174,166,0
170,157,0
-166,-171,4
-170,-165,4
-49,7,2
-75,-78,5
-171,-163,4
-52,-87,5
-75,-59,5
121,-23,6
23,-77,1
-42,24,2
-168,-171,4
158,166,0
176,183,0
-72,15,2
-167,-170,4
29,-73,1
-57,-64,5
177,176,0
174,179,0
-58,-81,5
102,-23,6
113,-16,6
-34,22,2
20,-72,1
-43,29,2
-178,-168,4
-53,28,2
-78,-88,5
174,164,0
25,-91,1
-127,-93,3
-73,-97,5
134,-21,6
-148,-104,3
123,-25,6
178,182,0
-160,-95,3
177,165,0
-85,-71,5
-50,20,2
-57,-77,5
-164,-169,4
-152,-100,3
-56,-80,5
124,-37,6
132,-11,6
-154,-93,3
-170,-173,4
-71,-80,5
-164,-176,4
26,-83,1
116,-6,6
-174,-175,4
126,-26,6
118,-9,6
24,-63,1
15,-74,1
-167,-169,4
-85,-80,5
-70,-74,5
-89,-85,5
110,-19,6
-73,-88,5
-55,-82,5
-174,-174,4
-42,17,2
107,-18,6
-61,-78,5
-157,-167,4
109,-19,6
181,175,0
-64,-79,5
16,-86,1
-170,-96,3
123,-23,6
-54,16,2
14,-88,1
23,-77,1
177,174,0
-81,-96,5
175,178,0
-148,-103,3
-55,35,2
-43,15,2
16,-104,1
-54,16,2
-169,-94,3
-162,-173,4
-175,-173,4
-165,-171,4
121,-1,6
-163,-107,3
21,-58,1
178,181,0
-39,-3,2
181,183,0
-56,13,2
-166,-163,4
-60,17,2
-132,-87,3
116,-19,6
168,179,0
114,-8,6
132,-16,6
26,-108,1
-182,-165,4
114,-20,6
-63,-79,5
-161,-83,3
25,-93,1
-56,14,2
-66,-78,5
-168,-160,4
127,-26,6
-163,-169,4
-75,-87,5
124,-8,6
-52,11,2
-170,-178,4
-64,-79,5
17,-77,1
-71,-73,5
36,-89,1
-156,-93,3
-68,-75,5
-66,-69,5
-73,-83,5
30,-76,1
-57,24,2
-174,-165,4
183,164,0
-171,-174,4
-60,20,2
174,168,0
30,-62,1
186,160,0
190,175,0
-149,-108,3
-67,-57,5
-172,-171,4
-149,-112,3
-56,18,2
-75,-80,5
131,-16,6
184,190,0
-57,4,2
192,168,0
-37,22,2
184,173,0
190,173,0
7,-75,1
-69,-83,5
-143,-95,3
-152,-95,3
-78,-90,5
28,-88,1
-39,25,2
-57,-64,5
16,-76,1
-157,-108,3
-171,-178,4
14,-83,1
-59,-71,5
16,-95,1
135,-20,6
177,172,0
197,162,0
-157,-103,3
-52,18,2
-130,-98,3
171,158,0
-62,-70,5
-138,-93,3
-150,-88,3
104,-8,6
-65,-87,5
41,-79,1
-45,29,2
-85,-73,5
186,188,0
175,180,0
10,-81,1
-53,14,2
180,164,0
-162,-176,4
131,-19,6
-32,24,2
-65,-81,5
172,175,0
-159,-106,3
-71,-76,5
112,-14,6
172,181,0
-57,25,2
-65,-89,5
-63,17,2
-42,22,2
-74,-72,5
119,-19,6
165,159,0
-146,-99,3
27,-82,1
26,-87,1
-154,-92,3
131,-18,6
-60,15,2
-49,20,2
-72,-66,5
171,175,0
120,-29,6
-140,-92,3
118,-18,6
181,175,0
20,-51,1
-46,25,2
27,-94,1
-172,-169,4
127,-9,6
182,184,0
-171,-174,4
40,-82,1
-46,-64,5
3,-82,1
20,-70,1
189,166,0
118,-11,6
-166,-86,3
-166,-174,4
-95,-77,5
114,-21,6
-141,-81,3
-147,-108,3
13,-83,1
-134,-97,3
-80,-71,5
182,160,0
124,-4,6
105,-28,6
21,-87,1
-152,-85,3
-53,33,2
-176,-170,4
174,162,0
-173,-168,4
14,-80,1
-128,-97,3
189,168,0
12,-90,1
164,189,0
-65,-85,5
-176,-170,4
-146,-109,3
-58,6,2
-168,-168,4
-62,10,2
171,188,0
-151,-108,3
-168,-99,3
20,-87,1
-61,-65,5
182,168,0
-177,-166,4
43,-74,1
188,165,0
-169,-166,4
-61,-87,5
120,-25,6
8,-57,1
-42,10,2
-48,32,2
172,168,0
-87,-77,5
-50,24,2
15,-81,1
-73,35,2
-67,-115,5
-49,-69,5
-149,-90,3
-170,-170,4
-46,29,2
187,150,0
-65,-87,5
-63,-91,5
24,-82,1
-84,-66,5
-63,30,2
-65,-84,5
21,-73,1
-68,-71,5
107,-11,6
-162,-96,3
10,-73,1
20,-90,1
-167,-112,3
-59,1,2
-150,-103,3
-43,21,2
-65,-101,5
188,165,0
174,-148,0
182,166,0
-48,25,2
122,-1,6
-50,37,2
-140,-92,3
-58,-74,5
-20,20,2
-46,-65,5
18,-66,1
-171,-173,4
178,169,0
-75,27,2
30,-87,1
126,-21,6
-67,25,2
159,164,0
-128,-100,3
-165,-168,4
186,163,0
-42,6,2
188,195,0
-156,-97,3
-164,-105,3
102,-16,6
-164,-181,4
179,169,0
-63,41,2
-73,-68,5
186,169,0
22,-76,1
166,171,0
-145,-94,3
-152,-93,3
-155,-97,3
-53,15,2
29,-80,1
-151,-95,3
188,165,0
-57,12,2
-167,-170,4
158,161,0
119,-18,6
-170,-171,4
15,-75,1
-78,-88,5
185,167,0
-156,-108,3
-67,-86,5
196,171,0
41,-96,1
-47,23,2
1,-82,1
118,-20,6
-69,-86,5
-50,20,2
-172,-166,4
-158,-169,4
-40,33,2
123,-16,6
184,169,0
-169,-167,4
20,-94,1
13,-74,1
-167,-81,3
-70,-69,5
-162,-176,4
19,-92,1
122,-13,6
15,-76,1
136,-16,6
-154,-103,3
-67,-68,5
-58,-75,5
-79,-72,5
-137,-177,4
-74,-79,5
178,164,0
-42,1,2
-160,-100,3
-167,-156,4
-177,-171,4
111,-42,6
-167,-176,4
22,-81,1
-50,21,2
183,187,0
124,-26,6
182,190,0
191,151,0
193,159,0
-52,16,2
-74,-76,5
-36,21,2
-146,-95,3
-178,-171,4
-49,9,2
-168,-169,4
-164,-175,4
127,-15,6
193,191,0
173,181,0
-180,-170,4
-77,-91,5
-34,8,2
-175,-157,4
115,-23,6
33,-83,1
-151,-97,3
183,182,0
-168,-179,4
168,177,0
164,165,0
-57,22,2
22,-92,1
-60,32,2
123,-13,6
-42,27,2
-82,-74,5
-55,-66,5
-159,-76,3
18,-90,1
12,-74,1
178,174,0
-46,23,2
-175,-169,4
21,-87,1
133,-26,6
6,-95,1
121,-25,6
-169,-167,4
165,161,0
-39,30,2
-52,3,2
110,-23,6
-49,16,2
-46,-80,5
120,-26,6
-173,-169,4
-183,-167,4
-137,-98,3
-139,-88,3
-52,14,2
12,-76,1
-45,18,2
-38,9,2
187,191,0
-139,-116,3
9,-89,1
191,166,0
190,177,0
19,-71,1
21,-58,1
-168,-174,4
174,186,0
186,164,0
23,-67,1
-171,-170,4
-158,-99,3
13,-83,1
21,-79,1
169,171,0
-160,-92,3
-51,6,2
26,-73,1
-70,18,2
-136,-105,3
-42,17,2
-171,-169,4
21,-65,1
-70,-84,5
-158,-85,3
177,172,0
-167,-108,3
19,-80,1
-175,-171,4
-184,-167,4
-174,-182,4
-167,-170,4
-169,-169,4
-65,-78,5
-159,-102,3
-50,10,2
-81,21,2
-47,87,2
-27,21,2
188,181,0
-79,-83,5
-146,-112,3
-172,-169,4
-83,-78,5
-153,-112,3
190,177,0
-38,9,2
-181,-178,4
-176,-169,4
-169,-168,4
-149,-122,3
17,-100,1
117,-14,6
-144,-100,3
198,173,0
23,-94,1
-78,-80,5
-61,-83,5
8,-88,1
-182,-170,4
32,-57,1
-145,-113,3
-141,-92,3
21,-67,1
116,-21,6
-76,-87,5
112,-22,6
182,176,0
-147,-104,3
-67,-90,5
-153,-92,3
20,-94,1
5,-75,1
-165,-180,4
120,-32,6
30,-73,1
24,-84,1
193,159,0
114,-14,6
185,168,0
174,175,0
174,161,0
-52,11,2
118,-18,6
116,-14,6
-90,-74,5
-54,6,2
-86,-81,5
133,-17,6
29,-65,1
-58,8,2
19,-81,1
-150,-111,3
-150,-116,3
13,-84,1
177,174,0
-69,-85,5
171,172,0
9,-95,1
-47,9,2
-36,20,2
-161,-89,3
118,-45,6
131,-3,6
-47,16,2
174,166,0
-54,13,2
29,-73,1
-65,-90,5
122,-24,6
-170,-169,4
-58,22,2
-170,-172,4
-58,29,2
-157,-106,3
177,166,0
-173,-161,4
182,173,0
-69,-64,5
-152,-83,3
117,-13,6
-70,-87,5
-156,-120,3
-171,-175,4
137,-13,6
-150,-87,3
-58,-78,5
-153,-105,3
-45,22,2
-136,-112,3
-48,13,2
172,174,0
-162,-171,4
175,168,0
-138,-98,3
-79,-80,5
-56,27,2
-83,-89,5
-169,-176,4
-46,22,2
10,-95,1
192,169,0
181,180,0
-36,21,2
-145,-104,3
-155,-103,3
122,-23,6
-154,-94,3
114,-36,6
-73,-70,5
-59,-81,5
-170,-170,4
130,-10,6
-149,-99,3
-84,-87,5
-164,-98,3
11,-77,1
-60,24,2
184,167,0
196,162,0
128,-11,6
-160,-170,4
-78,-78,5
-39,24,2
-178,-168,4
-171,-167,4
-73,-78,5
115,-27,6
-168,-181,4
125,-20,6
-176,-176,4
120,-10,6
-178,-171,4
-152,-91,3
-53,14,2
-135,-86,3
-172,-161,4
-72,-90,5
-178,-164,4
-161,-85,3
1,-86,1
130,-42,6
178,162,0
-168,-110,3
125,-21,6
-166,-173,4
-170,-81,3
-47,16,2
-57,18,2
-92,-61,5
112,-18,6
-67,-81,5
-78,-62,5
129,-9,6
118,-7,6
-75,-57,5
113,-12,6
-141,-87,3
-54,-77,5
-78,-70,5
119,-11,6
-67,16,2
16,-84,1
-52,-96,5
-139,-84,3
-58,1,2
118,-27,6
-169,-160,4
29,-91,1
23,-88,1
168,185,0
18,-88,1
-60,25,2
-155,-114,3
107,-39,6
30,-54,1
-156,-89,3
-81,-89,5
-62,23,2
24,-80,1
-168,-169,4
-135,-98,3
-51,20,2
8,-77,1
118,-13,6
-65,-91,5
-144,-85,3
-165,-172,4
-70,-84,5
189,176,0
177,168,0
-138,-71,3
-160,-121,3
13,-82,1
-44,11,2
-1,-83,1
-155,-107,3
135,-26,6
182,172,0
-164,-170,4
-164,-170,4
-75,-82,5
195,177,0
115,-43,6
-171,-169,4
-43,21,2
159,189,0
167,170,0
-70,-85,5
-87,-74,5
26,-81,1
-43,16,2
-173,-175,4
125,-7,6
-167,-168,4
-63,5,2
-170,-163,4
181,160,0
-133,-100,3
126,-16,6
-61,41,2
107,-27,6
-73,11,2
-78,-95,5
-178,-173,4
125,-9,6
-149,-104,3
-159,-107,3
-38,11,2
126,-12,6
188,157,0
-73,-67,5
190,181,0
-172,-175,4
-178,-176,4
-36,40,2
164,169,0
-172,-175,4
-140,-108,3
-62,-82,5
-148,-100,3
32,-75,1
166,161,0
-81,-80,5
21,-81,1
-169,-168,4
-51,27,2
-45,30,2
-158,-96,3
110,-30,6
113,-16,6
22,-71,1
-36,24,2
19,-80,1
-165,-173,4
-73,-97,5
-163,-174,4
-159,-71,3
111,-22,6
123,-22,6
-157,-176,4
-65,10,2
-69,-78,5
37,-77,1
-148,-93,3
-85,-88,5
-28,44,2
114,-22,6
114,-22,6
-67,-76,5
-144,-93,3
-177,-173,4
-162,-99,3
-45,7,2
114,-21,6
134,-31,6
-145,-91,3
181,178,0
-41,-1,2
-81,-76,5
-156,-108,3
133,-19,6
31,-71,1
-162,-162,4
121,-20,6
-164,-109,3
-77,-83,5
-145,-101,3
18,-88,1
-176,-171,4
8,-80,1
22,-86,1
197,183,0
-51,26,2
-52,8,2
-170,-165,4
-47,15,2
-68,-79,5
-63,32,2
-67,-86,5
-64,31,2
-73,-81,5
185,183,0
156,164,0
19,-76,1
-62,-78,5
-162,-163,4
121,-19,6
-172,-182,4
-54,25,2
-136,-95,3
-145,-105,3
-63,-75,5
28,-95,1
-136,-89,3
186,172,0
-176,-171,4
114,-35,6
182,169,0
119,-22,6
-70,18,2
31,-86,1
109,-13,6
139,-13,6
-158,-115,3
-31,20,2
21,-88,1
27,-91,1
0,-64,1
-54,24,2
15,-82,1
-39,21,2
187,187,0
-146,-105,3
-38,23,2
112,-22,6
24,-98,1
174,164,0
178,175,0
28,-93,1
175,162,0
118,-10,6
-67,-84,5
-140,-103,3
167,161,0
175,171,0
184,185,0
-68,-90,5
114,-24,6
-60,34,2
124,-15,6
178,183,0
-165,-172,4
121,-33,6
109,-15,6
-53,-90,5
-88,-76,5
-49,-77,5
126,-27,6
-80,-67,5
165,165,0
117,0,6
-42,11,2
138,-10,6
-144,-100,3
-163,-168,4
-151,-81,3
185,184,0
-28,16,2
-60,15,2
127,2,6
118,-22,6
174,170,0
115,-18,6
117,0,6
-59,12,2
-140,-117,3
-59,-94,5
-148,-99,3
186,170,0
183,172,0
12,-81,1
120,-12,6
117,-8,6
107,-33,6
120,-3,6
110,-17,6
-173,-163,4
-173,-167,4
-146,-78,3
166,170,0
-46,27,2
-154,-99,3
-48,28,2
-155,-92,3
-58,-76,5
-60,-81,5
24,-85,1
-133,-104,3
21,-74,1
-176,-166,4
-74,-66,5
-153,-115,3
125,-10,6
-134,-96,3
-173,-168,4
-74,-88,5
-80,-75,5
176,175,0
-57,-78,5
-67,-83,5
20,-58,1
-127,-98,3
-149,-104,3
-65,-77,5
120,-15,6
115,-36,6
-166,-178,4
-69,-76,5
132,-31,6
38,-82,1
171,182,0
185,198,0
-63,-69,5
-78,-69,5
-80,-68,5
-59,-90,5
7,-95,1
-69,-88,5
11,-104,1
-46,30,2
-150,-101,3
31,-79,1
139,-18,6
-140,-103,3
-149,-92,3
-167,-161,4
-71,-73,5
-84,-67,5
-170,-173,4
-59,3,2
-68,8,2
-82,-69,5
-43,21,2
-50,19,2
-161,-168,4
133,-22,6
169,182,0
-172,-175,4
181,173,0
111,-18,6
-51,13,2
-171,-163,4
-163,-166,4
180,168,0
20,-60,1
107,-13,6
-2,-82,1
-79,-68,5
-143,-85,3
-78,-69,5
-42,15,2
-60,-84,5
-84,-76,5
187,178,0
-46,16,2
-70,-76,5
-64,-90,5
182,163,0
-173,-176,4
-167,-168,4
-81,-89,5
-167,-173,4
-169,-166,4
125,-11,6
-39,10,2
-69,-89,5
-140,-88,3
-173,-179,4
-58,-76,5
176,158,0
177,167,0
9,-96,1
-78,-74,5
177,177,0
184,171,0
-52,18,2
-166,-168,4
-64,-78,5
127,-25,6
-42,22,2
109,-13,6
-165,-167,4
17,-58,1
-147,-95,3
186,183,0
-69,-89,5
-54,31,2
-136,-108,3
106,-20,6
-149,-116,3
-142,-93,3
169,161,0
-153,-99,3
180,175,0
23,-82,1
189,197,0
177,180,0
188,182,0
11,-98,1
-68,-85,5
-137,-96,3
-169,-172,4
-168,-174,4
-64,22,2
-160,-98,3
-90,-77,5
193,183,0
-167,-165,4
17,-81,1
140,-19,6
-62,17,2
111,-20,6
182,182,0
122,-29,6
-87,-90,5
-144,-97,3
-135,-97,3
-175,-169,4
-57,23,2
-70,-75,5
164,178,0
130,-20,6
-161,-101,3
-71,-64,5
-69,-76,5
-49,4,2
-71,-87,5
120,-19,6
-145,-103,3
-127,-96,3
-149,-96,3
184,158,0
-144,-99,3
-63,-84,5
-167,-179,4
-70,-90,5
-153,-94,3
-46,36,2
20,-88,1
-52,30,2
178,166,0
115,-9,6
-136,-87,3
-134,-118,3
129,-18,6
-58,22,2
180,169,0
-137,-83,3
-152,-102,3
20,-69,1
-179,-171,4
169,160,0
114,-28,6
-162,-106,3
7,-80,1
-170,-172,4
-139,-98,3
-57,-103,5
-73,-69,5
-152,-93,3
176,158,0
-39,21,2
198,179,0
-66,26,2
-70,-76,5
176,169,0
112,-9,6
175,171,0
-175,-174,4
-145,-106,3
146,-18,6
190,169,0
2,-76,1
15,-80,1
179,176,0
-46,49,2
184,151,0
-160,-100,3
-150,-93,3
115,-9,6
-70,-71,5
-61,11,2
-168,-102,3
-167,-178,4
9,-77,1
-34,22,2
10,-73,1
-46,27,2
-40,9,2
-48,22,2
-58,30,2
171,170,0
-167,-177,4
171,170,0
187,171,0
-144,-93,3
-67,-71,5
175,178,0
-158,-92,3
17,-81,1
104,-7,6
-43,31,2
100,-23,6
127,-15,6
197,165,0
41,-82,1
2,-80,1
-88,-75,5
184,175,0
177,187,0
186,177,0
102,-23,6
105,-8,6
-41,24,2
-141,-108,3
-86,24,2
-56,37,2
-73,-79,5
-65,-81,5
-179,-177,4
-38,19,2
-63,-87,5
-66,-74,5
183,154,0
-73,24,2
-75,-96,5
166,183,0
-76,-82,5
23,-83,1
-155,-109,3
-85,-78,5
105,-6,6
-168,-101,3
-164,-177,4
129,-25,6
-162,-101,3
12,-72,1
-159,-98,3
-165,-115,3
189,162,0
174,167,0
45,-86,1
-49,17,2
-68,-90,5
-43,9,2
133,-25,6
-76,-90,5
-175,-173,4
-161,-90,3
173,182,0
116,-32,6
-141,-104,3
-177,-177,4
-150,-87,3
-153,-101,3
-84,-93,5
-50,21,2
-50,35,2
-53,36,2
-167,-167,4
35,-88,1
-166,-178,4
-58,-71,5
-63,4,2
185,162,0
-48,-91,5
19,-71,1
-154,-94,3
24,-82,1
-171,-178,4
106,-29,6
-83,-70,5
119,-20,6
-57,-69,5
130,-17,6
178,164,0
-55,17,2
-139,-87,3
23,-63,1
19,-76,1
-56,3,2
-167,-172,4
-65,-60,5
176,168,0
-79,-90,5
-72,-86,5
-77,19,2
-42,15,2
20,-74,1
-145,-109,3
-164,-171,4
12,-100,1
-82,-78,5
-49,39,2
103,-12,6
-77,-94,5
161,187,0
-73,-76,5
-171,-167,4
-66,-74,5
-172,-166,4
-138,-115,3
-74,-74,5
179,170,0
1,-84,1
-167,-170,4
-166,-166,4
22,-77,1
117,-12,6
181,185,0
-47,22,2
46,-79,1
-154,-93,3
187,151,0
-139,-74,3
-60,-92,5
-162,-109,3
-172,-174,4
-36,40,2
184,192,0
25,-79,1
-61,18,2
-144,-115,3
-154,-106,3
-69,-72,5
13,-65,1
-46,20,2
-66,-84,5
12,-109,1
16,-98,1
-147,-101,3
-169,-171,4
-158,-175,4
-143,-106,3
6,-86,1
-140,-121,3
186,168,0
179,163,0
-48,21,2
-47,25,2
-49,-81,5
-70,-64,5
-143,-91,3
-168,-163,4
-75,-88,5
-168,-167,4
130,-25,6
122,-11,6
21,-90,1
-54,24,2
-64,-91,5
105,-11,6
-64,-81,5
-146,-92,3
21,-85,1
133,-6,6
190,173,0
-38,35,2
-153,-102,3
-51,25,2
-60,-80,5
-66,22,2
-57,14,2
186,162,0
-169,-82,3
125,-16,6
-152,-92,3
-71,-70,5
-41,10,2
-144,-107,3
20,-98,1
93,-21,6
-24,12,2
-152,-106,3
-55,24,2
138,-10,6
-165,-172,4
-146,-92,3
22,-57,1
-173,-169,4
5,-95,1
-171,-168,4
186,164,0
183,166,0
38,-92,1
116,-14,6
-150,-99,3
114,-13,6
-61,-59,5
189,162,0
-145,-121,3
120,-10,6
193,168,0
-55,44,2
13,-89,1
186,195,0
131,-16,6
191,156,0
-168,-165,4
111,-18,6
-156,-177,4
-64,-92,5
-57,-70,5
-73,24,2
-162,-166,4
12,-75,1
-74,-68,5
-149,-98,3
-147,-87,3
143,-37,6
104,-18,6
183,182,0
139,-21,6
15,-72,1
183,165,0
-141,-113,3
189,186,0
180,186,0
9,-85,1
-50,18,2
-168,-166,4
108,-18,6
-89,-87,5
-137,-97,3
126,-27,6
188,167,0
-151,-89,3
19,-80,1
193,161,0
120,-19,6
16,-78,1
-70,-92,5
20,-78,1
-53,28,2
-167,-172,4
173,147,0
-71,4,2
102,-12,6
186,160,0
191,159,0
29,-66,1
-58,-88,5
116,-13,6
-60,-93,5
-82,-80,5
-42,6,2
-169,-179,4
-165,-180,4
-67,-70,5
109,-5,6
129,-24,6
-147,-117,3
-163,-169,4
-165,-166,4
-62,-72,5
-59,-76,5
-51,21,2
-168,-170,4
-168,-167,4
119,-8,6
-59,2,2
129,-20,6
-169,-169,4
-145,-112,3
-45,25,2
-172,-164,4
115,-11,6
19,-85,1
10,-88,1
16,-84,1
-55,-86,5
-168,-164,4
-46,10,2
176,179,0
-156,-93,3
-62,-69,5
176,185,0
26,-81,1
-63,13,2
-54,15,2
-150,-99,3
109,-35,6
-49,18,2
-76,-85,5
131,-23,6
-167,-170,4
190,171,0
16,-80,1
9,-68,1
-138,-109,3
-55,19,2
-149,-94,3
-41,31,2
-55,38,2
-177,-178,4
-175,-173,4
129,-15,6
-66,-91,5
-56,24,2
36,-77,1
-167,-170,4
-167,-101,3
-43,-90,5
123,-16,6
179,161,0
14,-76,1
-174,-167,4
-76,-83,5
-168,-181,4
-61,-2,2
-169,-171,4
-156,-120,3
-61,-91,5
-55,32,2
14,-93,1
21,-64,1
146,-167,4
192,180,0
128,-19,6
-30,17,2
-52,21,2
-67,-64,5
190,168,0
-179,-166,4
-153,-115,3
184,169,0
192,168,0
27,-83,1
-62,15,2
-136,-88,3
127,-24,6
-56,-71,5
-159,-108,3
122,-31,6
-172,-170,4
-87,-98,5
186,181,0
121,-35,6
185,162,0
-161,-164,4
-170,-176,4
22,-71,1
-76,-63,5
-82,-74,5
-143,-102,3
15,-71,1
-135,-104,3
-41,19,2
23,-67,1
-183,-175,4
30,-62,1
-49,29,2
-82,-63,5
-171,-176,4
125,-28,6
-68,-96,5
-48,12,2
-157,-112,3
48,-79,1
129,-23,6
143,-10,6
-173,-121,3
-178,-175,4
-83,-91,5
30,-84,1
-83,-71,5
121,-43,6
-75,-75,5
-171,-169,4
107,-23,6
115,-33,6
-88,-84,5
-162,-91,3
-54,20,2
-169,-173,4
-169,-177,4
21,-77,1
-54,26,2
9,-86,1
114,-12,6
-27,12,2
-54,25,2
28,-84,1
106,-22,6
182,169,0
-176,-165,4
-81,-79,5
-51,27,2
-60,-5,2
-69,-99,5
-75,-74,5
-46,16,2
133,-32,6
-60,17,2
113,-15,6
-175,-176,4
36,-86,1
126,-25,6
-128,-105,3
117,-31,6
24,-80,1
-39,13,2
-61,14,2
108,-37,6
-38,36,2
-185,-166,4
120,-10,6
-132,-96,3
109,-9,6
-165,-164,4
-53,35,2
-140,-102,3
-54,10,2
-43,29,2
-137,-111,3
-84,-55,5
-169,-169,4
-78,-86,5
11,-105,1
-134,-96,3
-43,26,2
-160,-114,3
-142,-103,3
113,-19,6
-67,-79,5
19,-79,1
-57,-66,5
24,-80,1
-169,-173,4
185,172,0
-176,-166,4
131,-19,6
-164,-89,3
-149,-109,3
-162,-104,3
112,-22,6
24,-97,1
-146,-103,3
-74,-70,5
-58,16,2
171,158,0
-77,-74,5
-58,18,2
-41,17,2
182,187,0
130,-9,6
177,190,0
132,-27,6
-65,-87,5
-34,14,2
-76,-73,5
-75,-68,5
13,-77,1
187,172,0
-163,-166,4
-41,20,2
157,166,0
-162,-163,4
24,-63,1
-143,-108,3
13,-70,1
-46,6,2
-65,-68,5
184,168,0
-49,19,2
178,161,0
22,-69,1
-162,-94,3
-68,-68,5
-184,-175,4
-138,-91,3
-171,-167,4
134,-15,6
35,-79,1
19,-87,1
133,-17,6
192,179,0
185,155,0
162,173,0
-171,-171,4
118,-17,6
25,-64,1
-49,29,2
-143,-85,3
-170,-173,4
-137,-90,3
193,185,0
21,-60,1
-84,-85,5
-78,-73,5
44,-68,1
181,178,0
-128,-95,3
183,173,0
34,-89,1
-52,22,2
109,-38,6
-169,-174,4
-168,-169,4
-66,-64,5
-25,8,2
183,156,0
-82,-91,5
-177,-164,4
-149,-117,3
-155,-103,3
126,-1,6
193,180,0
-44,13,2
-171,-167,4
-78,-103,5
-173,-159,4
111,-39,6
4,-95,1
-176,-161,4
183,177,0
174,167,0
188,164,0
-176,-170,4
170,168,0
-142,-90,3
196,156,0
-172,-175,4
-42,25,2
176,168,0
-55,25,2
-170,-164,4
194,166,0
-172,-156,4
-148,-110,3
192,157,0
120,-22,6
113,-20,6
19,-70,1
174,170,0
-72,-79,5
126,-12,6
-175,-174,4
5,-67,1
9,-80,1
19,-82,1
-143,-97,3
22,-65,1
27,-72,1
-61,26,2
-71,-77,5
192,168,0
172,152,0
-62,-84,5
-68,11,2
33,-60,1
22,-97,1
-163,-96,3
17,-92,1
184,175,0
-70,-82,5
-174,-171,4
-66,-74,5
37,-74,1
27,-83,1
-65,-67,5
-146,-98,3
-134,-105,3
-38,41,2
-164,-166,4
-56,-78,5
168,180,0
-65,-65,5
-43,22,2
113,-5,6
-49,15,2
-55,39,2
119,-27,6
-52,21,2
110,-7,6
15,-71,1
-55,14,2
101,-22,6
173,165,0
188,177,0
-56,30,2
131,-18,6
174,175,0
-170,-157,4
178,163,0
30,-88,1
-146,-86,3
-147,-106,3
-59,19,2
10,-76,1
190,175,0
-37,11,2
5,-67,1
181,174,0
-3,-68,1
174,158,0
-162,-95,3
-148,-98,3
163,160,0
-159,-92,3
-56,22,2
-75,-69,5
22,-79,1
-172,-169,4
33,-88,1
177,176,0
-52,32,2
31,-71,1
178,156,0
-130,-118,3
-62,-91,5
17,-84,1
-142,-86,3
-170,-163,4
-168,-163,4
31,-82,1
-174,-171,4
176,183,0
-49,-1,2
-175,-178,4
8,-61,1
-178,-165,4
-160,-169,4
-1,-98,1
-142,-90,3
-36,25,2
117,-14,6
33,-84,1
129,-24,6
-44,-91,5
-169,-170,4
188,161,0
119,-12,6
-37,15,2
-165,-96,3
182,168,0
123,-15,6
-38,27,2
-144,-93,3
-76,-90,5
15,-81,1
166,149,0
189,173,0
122,-34,6
-145,-110,3
-129,-122,3
-177,-169,4
-149,-100,3
-171,-169,4
129,-18,6
115,-39,6
30,-80,1
-59,-3,2
-168,-171,4
4,-97,1
160,161,0
-152,-100,3
-31,23,2
38,-90,1
-172,-167,4
-153,-104,3
187,171,0
-141,-94,3
-44,19,2
-166,-172,4
-34,29,2
101,-2,6
40,-68,1
124,-41,6
125,-16,6
166,167,0
-74,-92,5
133,-33,6
-171,-173,4
24,-89,1
170,180,0
-49,19,2
-50,29,2
176,173,0
-156,-99,3
-65,-74,5
-52,18,2
-173,-169,4
115,8,2
-173,-166,4
-168,-169,4
122,-20,6
-142,-107,3
174,165,0
161,172,0
123,-19,6
120,-12,6
113,-12,6
9,-82,1
114,-20,6
189,177,0
-170,-170,4
189,180,0
-40,38,2
-149,-99,3
-77,-89,5
166,176,0
-60,-74,5
-61,42,2
-58,-80,5
-59,-76,5
183,166,0
9,-89,1
19,-92,1
169,168,0
-34,18,2
-173,-157,4
-180,-166,4
143,-2,6
130,-7,6
182,167,0
-53,51,2
-152,-99,3
-137,-85,3
-64,-65,5
-64,27,2
-51,12,2
123,-12,6
-157,-101,3
19,-81,1
-80,-77,5
-175,-174,4
122,-23,6
117,-27,6
15,-84,1
27,-84,1
18,-74,1
-169,-172,4
-43,17,2
17,-90,1
126,-7,6
119,-18,6
-43,13,2
6,-70,1
-144,-98,3
115,-15,6
-152,-105,3
-61,-87,5
-171,-118,3
53,-73,1
-55,33,2
180,160,0
183,186,0
-84,-88,5
-69,-89,5
181,173,0
-59,15,2
-53,12,2
-168,-170,4
-72,-88,5
-51,12,2
-145,-120,3
-168,-175,4
-64,27,2
176,173,0
-46,-1,2
-164,-170,4
34,-88,1
0,-83,1
172,173,0
-148,-122,3
-158,-102,3
193,164,0
186,164,0
12,-70,1
-141,-91,3
127,-31,6
-141,-89,3
-152,-107,3
-156,-91,3
-166,-167,4
15,-63,1
-157,-108,3
184,162,0
185,180,0
167,171,0
-50,11,2
115,-29,6
22,-78,1
113,-9,6
28,-86,1
-43,-61,5
-169,-172,4
172,178,0
14,-71,1
16,-83,1
-172,-172,4
9,-85,1
24,-97,1
-141,-101,3
-79,-65,5
-53,30,2
-160,-86,3
197,168,0
191,150,0
121,-2,6
23,-75,1
-170,-172,4
-80,-72,5
-59,13,2
-149,-97,3
-159,-107,3
34,-93,1
112,-2,6
-172,-168,4
-161,-94,3
-173,-171,4
122,-10,6
191,157,0
-163,-175,4
-53,16,2
-185,-168,4
-147,-106,3
-162,-120,3
-78,-83,5
18,-66,1
-52,-76,5
-81,-90,5
174,174,0
166,182,0
114,-15,6
-171,-169,4
122,-34,6
-151,-91,3
-50,13,2
-57,14,2
121,-26,6
-143,-85,3
99,-19,6
-145,-104,3
-55,-68,5
-40,22,2
189,171,0
-171,-171,4
19,-72,1
-42,27,2
179,183,0
-48,16,2
-144,-108,3
177,173,0
24,-74,1
179,169,0
18,-98,1
123,-20,6
-49,24,2
-155,-88,3
-164,-163,4
-64,-94,5
168,198,0
-145,-97,3
-82,-75,5
-70,-79,5
-130,-112,3
-164,-173,4
171,166,0
-51,17,2
-137,-91,3
189,168,0
-165,-103,3
117,-25,6
34,-70,1
-165,-101,3
113,-30,6
94,-21,6
14,-89,1
129,-19,6
-168,-171,4
-63,-82,5
178,171,0
-44,29,2
-131,-95,3
-48,-3,2
114,-13,6
128,-17,6
-60,-94,5
-172,-176,4
179,169,0
-170,-172,4
121,-18,6
171,166,0
181,171,0
-165,-95,3
20,-94,1
138,-37,6
-152,-98,3
-178,-172,4
-151,-112,3
-150,-101,3
108,-30,6
170,171,0
-173,-168,4
-75,-77,5
-48,34,2
-147,-86,3
-167,-163,4
-60,28,2
-42,0,2
-58,31,2
-175,-164,4
-77,-95,5
-175,-178,4
121,-24,6
115,3,6
-169,-168,4
-63,-80,5
125,-29,6
-53,32,2
-51,19,2
194,177,0
-142,-96,3
-70,-90,5
-51,-85,5
15,-100,1
-166,-162,4
4,-92,1
-159,-93,3
173,190,0
-156,-109,3
-171,-179,4
22,-90,1
-173,-174,4
-82,-70,5
-160,-172,4
-66,-84,5
122,-30,6
-65,-74,5
182,179,0
191,180,0
132,-15,6
22,-78,1
105,-33,6
-56,9,2
16,-74,1
-57,16,2
14,-71,1
185,171,0
12,-79,1
187,169,0
122,-24,6
-66,-72,5
-65,-78,5
-41,24,2
121,-5,6
-41,12,2
131,-20,6
108,-30,6
50,-76,1
120,-22,6
177,181,0
-157,-109,3
32,-83,1
103,-8,6
-66,-86,5
179,178,0
91,-36,6
-72,-74,5
-65,-54,5
-60,40,2
20,-73,1
-47,9,2
182,168,0
11,-97,1
-71,-86,5
180,173,0
-37,31,2
-53,28,2
161,159,0
-82,-68,5
31,-68,1
-72,21,2
178,166,0
-63,-74,5
115,-7,6
-175,-164,4
192,172,0
165,188,0
114,-13,6
-157,-90,3
126,-32,6
-70,-88,5
-150,-91,3
118,-14,6
-77,-80,5
14,-90,1
179,168,0
172,186,0
17,-73,1
-63,-72,5
-41,-4,2
-73,-89,5
21,-72,1
-150,-86,3
-37,24,2
117,-36,6
-72,-88,5
119,-15,6
25,-68,1
-44,25,2
181,184,0
-57,17,2
-166,-166,4
-178,-162,4
-40,13,2
-43,-1,2
125,-27,6
176,161,0
-142,-109,3
37,-85,1
-172,-180,4
128,-15,6
-172,-174,4
124,11,6
180,166,0
-51,20,2
116,-19,6
7,-81,1
21,-87,1
-121,-94,3
-143,-105,3
-61,-79,5
188,186,0
119,-22,6
104,-16,6
-166,-172,4
-82,-64,5
-55,18,2
-146,-83,3
-158,-88,3
12,-84,1
-52,-83,5
187,168,0
19,-90,1
-38,0,2
-166,-174,4
132,-28,6
180,158,0
-47,22,2
108,-23,6
-165,-164,4
-169,-176,4
-51,5,2
-55,3,2
191,158,0
33,-92,1
172,170,0
-60,-82,5
-157,-122,3
-145,-106,3
-175,-167,4
94,-14,6
-48,16,2
117,-8,6
-168,-172,4
-70,-74,5
159,192,0
-35,24,2
174,175,0
177,170,0
21,-99,1
-176,-170,4
-63,-96,5
-44,30,2
-58,32,2
118,-33,6
-167,-85,3
6,-69,1
-73,-84,5
-58,7,2
177,159,0
131,-27,6
-49,10,2
-168,-164,4
-170,-172,4
-164,-175,4
-57,20,2
-170,-172,4
-160,-95,3
159,170,0
177,182,0
13,-72,1
121,-24,6
16,-63,1
-85,-84,5
-69,30,2
7,-89,1
127,-41,6
-52,44,2
-156,-119,3
25,-63,1
-63,-77,5
192,160,0
189,157,0
179,163,0
152,180,0
130,-26,6
-82,-86,5
167,161,0
12,-74,1
-167,-170,4
-169,-163,4
112,-21,6
174,167,0
-135,-109,3
-41,19,2
-60,-87,5
-150,-97,3
-131,-83,3
-140,-105,3
-135,-102,3
21,-54,1
-70,-62,5
-75,-82,5
193,163,0
-175,-173,4
27,-96,1
-156,-106,3
-45,29,2
-67,-60,5
-53,26,2
-153,-100,3
-175,-172,4
-92,-86,5
16,-89,1
-76,-71,5
-144,-101,3
132,-10,6
-157,-86,3
26,-103,1
-151,-104,3
-161,-181,4
-154,-94,3
-163,-114,3
124,-21,6
-55,11,2
-44,6,2
185,187,0
-40,9,2
-156,-97,3
21,-71,1
-37,23,2
180,179,0
-125,-88,3
-147,-99,3
169,144,0
-146,-121,3
-41,11,2
15,-94,1
170,171,0
184,169,0
181,191,0
-139,-96,3
-170,-176,4
-51,26,2
114,-11,6
-57,14,2
97,-12,6
-42,23,2
17,-75,1
186,162,0
-148,-78,3
-56,41,2
-169,-170,4
188,181,0
0,-71,1
-162,-171,4
134,-41,6
130,-18,6
-169,-168,4
-146,-88,3
183,140,0
-75,-79,5
-168,-97,3
170,173,0
171,170,0
-156,-83,3
198,159,0
-58,25,2
-171,-164,4
8,-66,1
15,-79,1
184,165,0
-65,-68,5
116,-40,6
24,-93,1
-170,-171,4
-76,-82,5
-51,12,2
177,161,0
-165,-162,4
123,-17,6
-154,-98,3
109,-45,6
18,-91,1
-66,-87,5
-73,-72,5
133,-24,6
114,-15,6
-164,-114,3
-156,-99,3
-148,-84,3
178,163,0
-74,-86,5
-146,-98,3
14,-88,1
-75,-94,5
125,-10,6
8,-59,1
189,172,0
153,175,0
-71,-75,5
-139,-118,3
169,168,0
34,-82,1
24,-72,1
21,-81,1
172,165,0
-146,-97,3
-166,-83,3
-63,-73,5
134,-23,6
177,168,0
112,-10,6
-62,25,2
24,-80,1
-163,-171,4
38,-83,1
13,-73,1
139,-27,6
15,-74,1
131,-18,6
-168,-172,4
20,-70,1
-166,-170,4
178,177,0
-81,-80,5
-170,-171,4
175,159,0
-171,-169,4
27,-78,1
-172,-159,4
-165,-169,4
-68,-98,5
175,189,0
-58,-75,5
192,173,0
175,166,0
-163,-95,3
177,170,0
126,-11,6
107,-8,6
-52,14,2
-68,-89,5
-63,-56,5
170,162,0
2,-68,1
171,162,0
-54,15,2
-54,29,2
-159,-185,4
105,-5,6
25,-84,1
-139,-91,3
-33,0,2
188,163,0
177,179,0
-178,-166,4
26,-87,1
27,-85,1
-74,-80,5
130,-27,6
106,-23,6
-174,-169,4
-3,-81,1
10,-84,1
-169,-174,4
184,172,0
-72,-87,5
-56,-73,5
17,-95,1
19,-96,1
7,-83,1
-147,-71,3
-59,-67,5
133,-24,6
-45,21,2
196,169,0
-45,2,2
-66,-73,5
-132,-121,3
-46,14,2
-59,25,2
182,177,0
-49,21,2
188,169,0
-155,-103,3
-48,-79,5
-58,-76,5
-136,-93,3
187,175,0
27,-76,1
-171,-160,4
-67,-66,5
176,174,0
-181,-175,4
-138,-103,3
-60,24,2
26,-87,1
-47,4,2
-178,-170,4
-43,9,2
24,-93,1
-148,-110,3
-149,-108,3
113,4,6
-167,-172,4
23,-95,1
-144,-102,3
-165,-167,4
177,171,0
193,147,0
-69,-101,5
15,-86,1
29,-62,1
13,-86,1
-41,18,2
115,-35,6
187,183,0
-166,-165,4
-57,32,2
-154,-102,3
124,-23,6
-72,-80,5
-173,-171,4
-43,20,2
26,-83,1
115,-15,6
-163,-163,4
-85,-67,5
-139,-94,3
-175,-175,4
123,-11,6
-60,-81,5
125,-25,6
-75,-73,5
-63,-74,5
182,168,0
-26,3,2
-137,-84,3
-145,-109,3
150,-27,6
178,179,0
-53,15,2
19,-73,1
179,171,0
-48,19,2
-75,-63,5
30,-80,1
-154,-97,3
-66,-63,5
165,176,0
-59,3,2
-64,20,2
30,-74,1
-144,-96,3
-167,-167,4
-54,12,2
170,168,0
-67,-79,5
119,-27,6
-159,-100,3
-140,-94,3
119,-32,6
-51,-2,2
-90,-83,5
198,171,0
-170,-167,4
-168,-97,3
-173,-165,4
33,-87,1
-65,-93,5
-46,20,2
-169,-163,4
-148,-102,3
-34,22,2
-66,25,2
33,-87,1
179,168,0
120,-11,6
170,174,0
-72,-61,5
-161,-112,3
-139,-108,3
-176,-178,4
-152,-90,3
-79,-92,5
-180,-173,4
143,-5,6
-38,12,2
-163,-97,3
-155,-109,3
-143,-107,3
-49,17,2
-69,-77,5
131,-29,6
10,-71,1
123,-24,6
-59,22,2
175,184,0
11,-86,1
14,-82,1
-67,-75,5
-150,-117,3
129,-27,6
-63,-83,5
-47,31,2
23,-83,1
-67,-58,5
171,163,0
-171,-172,4
-38,20,2
-172,-166,4
-57,33,2
-52,28,2
-164,-90,3
-53,21,2
-153,-107,3
12,-88,1
128,-13,6
-166,-105,3
-158,-113,3
-153,-88,3
124,-13,6
-59,25,2
-170,-104,3
-66,-83,5
-67,-61,5
-176,-170,4
181,173,0
-167,-174,4
176,178,0
-62,18,2
19,-76,1
-51,8,2
-59,-90,5
130,-13,6
-31,34,2
109,-19,6
-64,-68,5
17,-79,1
-168,-164,4
-51,36,2
-52,25,2
134,-20,6
-49,9,2
-62,-75,5
-86,-84,5
125,-14,6
-38,25,2
-42,19,2
177,167,0
-71,-87,5
-171,-163,4
-57,3,2
-64,22,2
-169,-170,4
1,-81,1
-66,-80,5
-171,-169,4
-63,-94,5
122,-11,6
185,183,0
176,172,0
-42,37,2
28,-75,1
21,-69,1
132,-23,6
194,172,0
25,-76,1
16,-77,1
-77,-62,5
185,174,0
-165,-160,4
125,-11,6
35,-75,1
-34,31,2
-175,-169,4
-157,-98,3
-169,-163,4
-47,16,2
173,173,0
-46,21,2
178,164,0
180,166,0
28,-74,1
-158,-102,3
25,-79,1
32,-72,1
107,-34,6
125,-17,6
-71,-65,5
-162,-109,3
-53,-82,5
188,164,0
112,-3,6
130,-22,6
-156,-105,3
-49,9,2
160,166,0
-52,9,2
-51,22,2
-166,-93,3
-175,-173,4
109,-25,6
131,-15,6
-159,-114,3
-144,-111,3
196,182,0
105,-8,6
-68,-86,5
29,-79,1
-79,-66,5
-170,-165,4
-169,-168,4
-42,19,2
-65,-71,5
-74,-68,5
-150,-120,3
140,-31,6
104,-33,6
-144,-104,3
136,-29,6
-169,-169,4
-42,17,2
166,161,0
-46,27,2
-57,9,2
-154,-99,3
181,172,0
-68,-85,5
-87,-72,5
22,-90,1
-174,-172,4
-53,32,2
-141,-91,3
25,-73,1
-177,-164,4
125,-20,6
-47,26,2
185,167,0
-72,-75,5
-150,-95,3
-145,-100,3
20,-83,1
-83,-68,5
-44,21,2
26,-69,1
-147,-106,3
167,173,0
109,-16,6
111,-26,6
-146,-109,3
-54,1,2
24,-95,1
-35,27,2
-52,21,2
-165,-170,4
-38,11,2
9,98,1
29,-85,1
-168,-77,3
-46,28,2
-34,23,2
25,-81,1
115,-15,6
-56,-65,5
-142,-108,3
128,-28,6
-166,-173,4
-57,-85,5
-43,12,2
-72,-75,5
140,-21,6
181,157,0
17,-84,1
-172,-165,4
-169,-172,4
-38,29,2
130,-33,6
-41,33,2
115,-12,6
-51,33,2
33,-93,1
-167,-175,4
-37,22,2
113,-39,6
29,-80,1
187,158,0
177,179,0
183,180,0
-45,-80,5
8,-80,1
-152,-101,3
173,152,0
-65,-85,5
-160,-100,3
-77,-78,5
130,-8,6
172,158,0
-171,-162,4
-63,24,2
-169,-167,4
-49,32,2
11,-79,1
114,-30,6
-54,9,2
127,-20,6
107,-16,6
-166,-110,3
129,-30,6
22,-82,1
-88,-101,5
-177,-171,4
-35,25,2
-71,-93,5
-63,29,2
133,-16,6
-49,14,2
198,157,0
116,-28,6
26,-92,1
13,-85,1
15,-73,1
-56,-66,5
-155,-96,3
-145,-93,3
-138,-88,3
-153,-103,3
-62,28,2
131,-14,6
-64,15,2
103,-31,6
12,-80,1
-61,-68,5
-172,-173,4
-169,-165,4
137,-18,6
127,-14,6
-81,-69,5
123,3,6
-47,15,2
-151,-111,3
-77,-90,5
-73,-66,5
-139,-91,3
-150,-78,3
-53,4,2
-56,3,2
-143,-110,3
-177,-165,4
-56,-66,5
121,-24,6
-159,-89,3
-160,-103,3
-174,-169,4
-66,26,2
108,-19,6
122,-27,6
116,-16,6
-35,22,2
-141,-102,3
-60,16,2
20,-72,1
-41,6,2
23,-76,1
-180,-170,4
-152,-106,3
-68,-80,5
175,163,0
-55,-63,5
-58,-80,5
-174,-177,4
28,-88,1
134,-17,6
16,-74,1
-62,-73,5
-174,-160,4
132,-32,6
19,-68,1
144,-27,6
143,-22,6
-39,27,2
126,-29,6
-68,-79,5
-53,19,2
38,-87,1
-159,-174,4
-156,-166,4
17,-78,1
175,164,0
-67,-82,5
34,-91,1
-175,-162,4
23,-70,1
-75,-85,5
27,-85,1
11,-75,1
-82,-88,5
-64,-81,5
120,-27,6
-69,-89,5
-168,-104,3
-53,22,2
123,-25,6
-176,87,4
176,175,0
-139,-110,3
-38,43,2
-59,-77,5
-91,-79,5
-54,41,2
-171,-176,4
-168,-162,4
-41,34,2
189,167,0
-34,12,2
-58,-89,5
-173,-170,4
36,-92,1
-58,31,2
-146,-85,3
174,167,0
-164,-176,4
-150,-99,3
-149,-106,3
172,199,0
-50,10,2
-39,12,2
-161,-176,4
-172,-165,4
-173,-175,4
-34,21,2
-49,19,2
176,179,0
-90,-66,5
16,122,1
-145,-109,3
-56,18,2
172,173,0
118,-42,6
-164,-168,4
-55,28,2
185,156,0
131,-14,6
170,161,0
174,170,0
-140,-93,3
11,-93,1
176,165,0
-178,-173,4
-57,-73,5
100,-22,6
160,162,0
-56,20,2
-155,-99,3
112,-39,6
174,171,0
-157,-96,3
191,153,0
-145,-109,3
16,-78,1
-146,-104,3
-76,-75,5
22,-86,1
177,181,0
-43,13,2
-56,25,2
-160,-87,3
113,-27,6
-169,-91,3
-77,-63,5
130,-25,6
182,156,0
-58,-82,5
183,178,0
135,-32,6
27,-87,1
172,174,0
-141,-94,3
129,-17,6
-151,-105,3
22,-89,1
-160,-111,3
13,-87,1
117,-26,6
-40,-71,5
24,-77,1
-44,35,2
-175,-169,4
-35,16,2
99,-30,6
-65,-98,5
-175,-173,4
181,169,0
-31,4,2
114,-19,6
27,-84,1
-171,-165,4
-146,-84,3
-68,-74,5
5,-75,1
111,-7,6
15,-75,1
-51,17,2
20,-65,1
-177,-161,4
-177,-173,4
-150,-104,3
119,-23,6
123,-37,6
-174,-178,4
122,-25,6
111,-9,6
116,-27,6
107,-37,6
-173,-166,4
-66,-80,5
23,-87,1
17,-78,1
-58,18,2
-58,29,2
-81,-73,5
-145,-99,3
-144,-122,3
-59,-82,5
-144,-101,3
-172,-174,4
135,-45,6
-170,-175,4
-149,-101,3
16,-69,1
-170,-176,4
-155,-101,3
127,-27,6
30,-82,1
-65,33,2
-147,-103,3
168,185,0
129,-31,6
-47,10,2
133,-24,6
-164,-170,4
14,-74,1
-44,24,2
-150,-88,3
23,-76,1
-143,-110,3
104,-22,6
-143,-82,3
191,174,0
-89,-72,5
22,-76,1
132,-25,6
19,-82,1
-40,6,2
-172,-175,4
88,-13,6
-79,-92,5
-30,27,2
-140,-83,3
-173,-167,4
33,-71,1
-53,21,2
-169,-175,4
16,-84,1
-164,-97,3
194,164,0
-55,-60,5
-163,-115,3
123,-17,6
132,-15,6
-57,-70,5
191,176,0
-1,-94,1
126,-32,6
-149,-102,3
-165,-165,4
-161,-182,4
180,163,0
-167,-172,4
122,-20,6
-56,13,2
-159,-88,3
-163,-99,3
-179,-170,4
188,173,0
178,190,0
-3,-89,1
19,-82,1
-43,31,2
112,-20,6
-45,13,2
-170,-164,4
-36,16,2
32,-71,1
185,176,0
117,-20,6
-77,-95,5
-164,-89,3
-65,-80,5
-55,10,2
180,175,0
-175,-163,4
22,-91,1
-151,-94,3
-167,-167,4
-82,-82,5
168,173,0
12,-88,1
130,-9,6
124,-23,6
-70,-82,5
-171,-161,4
-46,29,2
9,-80,1
-45,5,2
110,-15,6
174,156,0
176,161,0
-58,26,2
-156,-94,3
129,-34,6
128,2,6
124,-26,6
-72,-61,5
116,-25,6
-161,-110,3
-134,-89,3
-161,-85,3
-159,-105,3
188,154,0
-163,-114,3
-163,-115,3
-143,-77,3
-134,-107,3
-145,-106,3
-160,-180,4
121,-35,6
-54,-80,5
-173,-167,4
114,-25,6
175,155,0
-138,-113,3
-173,-172,4
170,183,0
111,-36,6
-63,22,2
20,-81,1
18,-92,1
-144,-105,3
-129,-98,3
169,153,0
-169,-166,4
-48,13,2
-67,10,2
184,172,0
-137,-102,3
-156,-82,3
105,-6,6
-155,-168,4
19,-72,1
24,-79,1
184,194,0
-152,-109,3
17,-75,1
110,-17,6
-59,18,2
-49,16,2
-147,-83,3
-40,20,2
-141,-112,3
-82,-89,5
-47,26,2
-61,-88,5
175,176,0
129,-24,6
185,164,0
-85,-80,5
167,161,0
192,163,0
192,176,0
-173,-164,4
-41,34,2
-164,-179,4
-156,-100,3
-168,-166,4
-148,-121,3
-44,26,2
173,162,0
180,166,0
120,-20,6
-169,-175,4
-61,28,2
-165,-180,4
-42,34,2
111,-37,6
134,-18,6
126,-23,6
18,153,0
173,181,0
-139,-105,3
19,-71,1
-146,-93,3
-65,-89,5
-37,36,2
-167,-163,4
-60,-86,5
118,-24,6
119,-18,6
125,-3,6
-168,-170,4
31,-87,1
-76,-88,5
128,-21,6
-141,-87,3
118,-22,6
184,168,0
-35,35,2
124,-11,6
-158,-102,3
177,168,0
-54,13,2
142,-12,6
-166,-110,3
-173,-168,4
-180,-174,4
-176,-95,3
16,-86,1
-175,-170,4
108,-10,6
17,-90,1
180,172,0
-158,-94,3
-81,-51,5
-169,-173,4
-162,-169,4
-41,25,2
-90,-84,5
-173,-166,4
-55,25,2
161,163,0
-56,15,2
163,181,0
175,166,0
-53,36,2
-57,28,2
-62,-84,5
112,-2,6
-150,-86,3
179,165,0
-65,6,2
-77,-100,5
177,169,0
-152,-89,3
123,-36,6
-154,-115,3
-41,36,2
-145,-84,3
20,-79,1
-68,-84,5
39,-75,1
27,-87,1
-58,-77,5
19,-83,1
-54,13,2
-23,-3,2
-34,10,2
42,-68,1
-171,-176,4
129,-28,6
-48,17,2
-171,-169,4
-144,-89,3
-178,-167,4
102,-16,6
-71,-85,5
-44,2,2
-126,-116,3
-172,-174,4
-70,-92,5
177,171,0
-38,28,2
-172,-171,4
-46,30,2
58,-66,1
26,-73,1
-147,-94,3
111,-18,6
125,-11,6
129,-38,6
175,164,0
-65,3,2
132,-20,6
10,-91,1
-33,19,2
121,-19,6
119,-23,6
-65,-72,5
-70,-65,5
-174,-164,4
-71,-80,5
14,-71,1
14,-74,1
181,165,0
-161,-98,3
-69,-80,5
168,175,0
-46,22,2
136,-12,6
-161,-89,3
-52,19,2
-173,-176,4
-145,-105,3
-166,-171,4
-61,-78,5
-70,-78,5
14,-95,1
-64,-75,5
122,-28,6
-34,17,2
-149,-87,3
-171,-171,4
-89,-107,5
-159,-79,3
-169,-166,4
-146,-106,3
112,-26,6
-147,-113,3
119,-30,6
-42,30,2
-179,-166,4
-61,32,2
106,-23,6
-166,-168,4
-143,-112,3
114,-13,6
-48,18,2
187,169,0
-169,-175,4
-135,-105,3
-144,-94,3
-174,-166,4
114,-34,6
-58,3,2
-143,-99,3
-1,-71,1
112,-24,6
122,-3,6
-162,-103,3
118,-22,6
169,173,0
-170,-102,3
-59,-92,5
23,-75,1
-47,27,2
-181,-173,4
-63,28,2
-166,-160,4
176,163,0
-48,16,2
23,-72,1
121,-14,6
-171,-182,4
-60,12,2
-163,-106,3
-175,-172,4
-157,-95,3
109,-28,6
174,176,0
-166,-101,3
-166,-174,4
-74,-70,5
-151,-110,3
-65,-98,5
185,175,0
-153,-94,3
-175,-172,4
-162,-167,4
-177,-168,4
-47,28,2
-171,-177,4
118,-15,6
-55,-88,5
-169,-175,4
-46,24,2
191,184,0
-66,-53,5
-146,-87,3
29,-94,1
-156,-97,3
198,160,0
48,-95,1
169,166,0
94,-31,6
116,-16,6
42,-89,1
29,-57,1
198,182,0
-152,-115,3
121,-23,6
15,-88,1
182,168,0
-73,-90,5
188,166,0
-176,-175,4
124,-31,6
-46,27,2
-41,40,2
-184,-169,4
-165,-159,4
183,151,0
-169,-108,3
-46,22,2
20,-96,1
-70,-98,5
107,-32,6
19,-78,1
186,174,0
20,-88,1
-82,-85,5
199,166,0
-140,-117,3
-61,-83,5
-173,-178,4
-57,32,2
-42,17,2
169,174,0
-167,-173,4
-168,-174,4
113,-20,6
2,-74,1
-67,31,2
122,-11,6
-161,-97,3
-52,33,2
-36,5,2
-64,-101,5
-73,-76,5
17,-77,1
182,173,0
-69,22,2
-69,-87,5
-176,-170,4
-175,-179,4
-86,-65,5
-167,-177,4
-148,-110,3
-169,-167,4
102,-27,6
-51,-79,5
192,162,0
-167,-168,4
-45,17,2
-62,-66,5
120,-10,6
188,158,0
-75,-64,5
-144,-97,3
118,-30,6
-75,-71,5
-73,-88,5
-77,-86,5
-76,-69,5
-171,-171,4
33,-82,1
-61,30,2
125,-16,6
-170,-172,4
8,-86,1
-1,-68,1
-63,28,2
40,-79,1
30,-85,1
-174,-167,4
-47,-79,5
-58,15,2
22,-69,1
177,179,0
178,167,0
-155,-102,3
15,-81,1
191,143,0
-48,37,2
137,-21,6
109,-32,6
-46,12,2
145,-14,6
-92,-82,5
7,-68,1
-78,-102,5
-61,-58,5
-173,-169,4
-175,-171,4
40,-73,1
-51,-82,5
23,-69,1
-133,-81,3
-167,-168,4
170,165,0
-71,-89,5
100,-42,6
119,-8,6
-167,-166,4
17,-82,1
-42,22,2
109,-27,6
-74,-87,5
26,-84,1
138,-46,6
4,-88,1
119,-33,6
175,158,0
-80,-71,5
199,186,0
-172,-180,4
-172,-171,4
-146,-93,3
-163,-87,3
-77,-80,5
-171,-171,4
9,-95,1
-60,17,2
-174,-168,4
109,-14,6
-142,-114,3
-178,-156,4
-170,-170,4
179,169,0
-159,-115,3
-170,-112,3
-143,-98,3
-146,-87,3
-61,21,2
183,176,0
172,169,0
124,-25,6
123,-13,6
28,-75,1
177,155,0
-180,-176,4
-140,-100,3
-66,-79,5
126,-31,6
-133,-122,3
-165,-171,4
176,175,0
179,166,0
-170,-173,4
-157,-107,3
-160,-177,4
-145,-87,3
193,157,0
23,-70,1
-38,23,2
-164,-96,3
-32,24,2
112,-31,6
-164,-174,4
188,173,0
-164,-99,3
117,-21,6
-70,-81,5
29,-78,1
178,172,0
171,147,0
-176,-174,4
180,166,0
-73,-70,5
119,-23,6
-78,-87,5
178,183,0
181,158,0
-171,-169,4
-152,-99,3
-56,-78,5
32,-65,1
13,-81,1
124,-31,6
-69,31,2
-77,-75,5
109,-44,6
-153,-104,3
142,-22,6
161,166,0
-57,18,2
179,167,0
-66,-83,5
-126,-98,3
-160,-105,3
192,174,0
-76,-76,5
17,-84,1
-139,-94,3
-155,80,3
20,-83,1
-46,38,2
-42,21,2
-154,-110,3
181,165,0
-62,8,2
135,-12,6
15,-61,1
-167,-171,4
-146,-95,3
-64,-87,5
-126,-111,3
-48,9,2
120,-15,6
30,-71,1
19,-74,1
-72,-87,5
-161,-163,4
-148,-101,3
-162,-167,4
-171,-178,4
-170,-110,3
-82,-89,5
-59,47,2
-170,-162,4
168,183,0
-70,-86,5
179,179,0
-161,-112,3
125,-28,6
5,-78,1
-70,-83,5
27,-80,1
-167,-164,4
128,-16,6
-71,-82,5
180,151,0
-56,40,2
-175,-172,4
-39,8,2
-56,-71,5
-65,28,2
129,-23,6
-67,-57,5
-160,-171,4
-170,-171,4
-45,34,2
-174,-170,4
178,189,0
-80,-68,5
-177,-173,4
-163,-171,4
-64,-65,5
120,-19,6
-169,-170,4
-75,-72,5
-169,-168,4
-79,-61,5
-72,16,2
186,183,0
-151,-114,3
-41,20,2
-53,14,2
126,-32,6
-52,25,2
17,-80,1
125,-8,6
-69,-75,5
-166,-170,4
-154,-115,3
117,-26,6
191,177,0
18,-92,1
-164,-168,4
177,175,0
121,-33,6
-80,-79,5
-66,-79,5
-71,32,2
-136,-84,3
-164,-178,4
5,-76,1
9,-74,1
195,172,0
130,-29,6
36,-84,1
-168,-166,4
-155,-162,4
187,144,0
-55,23,2
-47,25,2
-61,-80,5
31,-78,1
137,-30,6
-54,10,2
-38,22,2
23,-81,1
107,-39,6
-37,15,2
-8,-53,1
-70,-70,5
-155,-97,3
171,-165,0
-130,-102,3
-165,-171,4
21,-81,1
185,180,0
-42,27,2
-171,-166,4
25,-69,1
-40,42,2
191,164,0
175,188,0
-68,-63,5
101,-8,6
194,161,0
-51,-87,5
-152,-86,3
113,-23,6
-149,-99,3
-172,-170,4
182,188,0
-62,-91,5
-168,-73,3
-73,-79,5
-57,24,2
-73,-87,5
-59,-88,5
176,176,0
184,178,0
192,171,0
120,-24,6
-167,-174,4
-49,-83,5
-145,-111,3
-64,14,2
-172,-110,3
30,-71,1
132,-24,6
-62,3,2
25,-86,1
-61,28,2
26,-74,1
-65,24,2
-170,-169,4
24,-70,1
180,168,0
-159,-166,4
119,-7,6
-44,23,2
184,156,0
-165,-171,4
120,-26,6
-151,-113,3
23,-69,1
179,176,0
182,176,0
10,-88,1
-66,-101,5
13,-80,1
-169,-171,4
178,186,0
-143,-124,3
-47,31,2
-66,-70,5
137,-26,6
-171,-171,4
174,185,0
125,-11,6
-164,-174,4
-154,-105,3
-42,21,2
-163,-169,4
26,-81,1
-169,-97,3
-172,-173,4
-147,-97,3
25,-61,1
121,-22,6
-57,24,2
-151,-106,3
-74,-92,5
119,-20,6
164,177,0
36,-90,1
-45,27,2
-169,-175,4
30,-87,1
-174,-173,4
-171,-176,4
188,169,0
11,-66,1
-161,-171,4
26,-78,1
124,-35,6
173,171,0
-69,25,2
-65,22,2
-139,-100,3
16,-83,1
-12,-85,1
-133,-104,3
-163,-174,4
176,169,0
-68,-76,5
-146,-107,3
-164,-165,4
188,167,0
-79,-87,5
24,-71,1
159,169,0
171,157,0
29,-78,1
120,-25,6
-61,-69,5
-47,48,2
-171,-168,4
171,172,0
-172,-168,4
-163,-170,4
-174,-160,4
-169,-162,4
115,-11,6
118,-20,6
172,173,0
-35,26,2
-147,-112,3
-65,-86,5
165,174,0
121,-4,6
18,-92,1
181,164,0
-57,33,2
12,-80,1
20,-97,1
-69,-67,5
-136,-85,3
108,-18,6
169,169,0
115,-45,6
-168,-172,4
-152,-81,3
22,-74,1
123,-19,6
175,173,0
183,163,0
-157,-81,3
174,178,0
182,163,0
131,-14,6
120,-18,6
-46,19,2
171,177,0
-57,18,2
-71,-81,5
14,-65,1
-174,-162,4
-144,-100,3
188,187,0
-62,27,2
-148,-81,3
-73,-88,5
-69,-96,5
115,-24,6
-82,-63,5
169,165,0
124,-28,6
-175,-170,4
184,172,0
-66,26,2
-76,-94,5
-80,-75,5
-50,21,2
-138,-102,3
-141,-100,3
-139,-98,3
-55,9,2
108,-29,6
-41,13,2
179,170,0
-157,-113,3
174,165,0
114,-17,6
-70,-92,5
-40,6,2
-154,-124,3
-68,21,2
-148,-91,3
-56,-70,5
129,-34,6
-70,-83,5
-67,6,2
179,167,0
-71,19,2
-142,-87,3
9,-90,1
-157,-111,3
-166,-159,4
-176,-167,4
129,-17,6
-54,-70,5
-55,-73,5
36,-55,1
-146,-98,3
24,-58,1
-75,-64,5
134,1,6
-88,-99,5
23,-71,1
-176,-169,4
120,-40,6
27,-86,1
194,156,0
-136,-94,3
118,-7,6
190,152,0
106,-30,6
-174,-176,4
-155,-99,3
-78,-87,5
191,166,0
13,-81,1
-138,-111,3
-135,-117,3
169,158,0
183,149,0
-80,-55,5
-146,-83,3
-41,22,2
187,182,0
1,-74,1
5,-71,1
25,-73,1
-169,-163,4
104,-20,6
-146,-86,3
-162,-99,3
184,182,0
141,-10,6
26,-83,1
127,-34,6
-168,-167,4
25,-77,1
-63,-74,5
-48,-76,5
-66,-76,5
179,182,0
-62,33,2
-163,-113,3
-151,-101,3
-35,0,2
172,158,0
-174,-169,4
-41,17,2
-72,-68,5
-77,-83,5
-47,24,2
116,-26,6
-164,-170,4
18,-81,1
-56,-1,2
-166,-165,4
-69,-80,5
-169,-167,4
-45,12,2
-172,-174,4
-59,16,2
-153,-114,3
-44,15,2
-63,9,2
119,-12,6
-154,-108,3
183,158,0
198,181,0
33,-76,1
-54,14,2
-47,-86,5
13,-75,1
186,181,0
-51,7,2
-66,-95,5
176,175,0
-9,-69,1
-162,-104,3
179,185,0
-173,-168,4
-46,19,2
197,188,0
-151,-107,3
190,179,0
180,169,0
6,-83,1
120,-20,6
-71,-98,5
112,-13,6
103,-31,6
10,-94,1
17,-83,1
132,-22,6
131,-25,6
189,174,0
127,-21,6
125,-33,6
184,169,0
116,-23,6
-63,-91,5
-146,-92,3
175,153,0
195,165,0
-165,-167,4
-173,-163,4
171,179,0
-50,16,2
-171,-175,4
163,167,0
-78,-74,5
-157,-103,3
-86,-85,5
120,-26,6
-67,15,2
189,153,0
-162,-168,4
-178,-164,4
-42,20,2
-58,-72,5
-183,-165,4
-73,-55,5
-169,-172,4
193,176,0
-171,-172,4
116,-28,6
39,-79,1
-47,19,2
38,-92,1
-56,15,2
-73,-91,5
-164,-107,3
-174,-165,4
132,-12,6
9,-87,1
112,-19,6
-174,-177,4
-131,-100,3
-152,-96,3
-169,-174,4
-68,-74,5
-71,-83,5
-75,-73,5
40,-76,1
184,175,0
-155,-109,3
-175,-170,4
-144,-96,3
23,-91,1
-167,-170,4
193,176,0
-46,10,2
-46,19,2
13,-74,1
-42,20,2
165,154,0
-171,-159,4
116,-22,6
137,-25,6
-167,-163,4
-71,-85,5
-177,-175,4
-165,-171,4
-50,20,2
-153,-117,3
-49,18,2
-152,-102,3
177,177,0
-71,-66,5
181,149,0
-45,34,2
117,-12,6
-142,-108,3
-80,-85,5
169,169,0
136,-28,6
-127,-101,3
135,-15,6
17,-65,1
-163,-112,3
190,172,0
24,-92,1
-171,-181,4
19,-94,1
-62,21,2
122,-18,6
172,183,0
193,181,0
23,-63,1
178,154,0
-78,-68,5
-149,-101,3
124,-40,6
188,169,0
-159,-101,3
12,-74,1
27,-89,1
-83,-72,5
-55,0,2
131,-16,6
-161,-97,3
14,-78,1
181,170,0
30,-94,1
-69,-86,5
-167,-168,4
17,-75,1
182,185,0
104,-21,6
-154,-90,3
9,-96,1
25,-85,1
-170,-171,4
-182,-174,4
9,-74,1
109,-13,6
189,175,0
185,171,0
-95,-71,5
-43,1,2
196,180,0
-39,23,2
-64,-80,5
134,-22,6
125,-29,6
-151,-112,3
-168,-108,3
114,-15,6
-60,-63,5
122,-9,6
-78,-94,5
-65,-74,5
-153,-108,3
-166,-169,4
-165,-172,4
13,-85,1
19,-79,1
26,-82,1
19,-90,1
-67,-73,5
-167,-166,4
-167,-176,4
185,166,0
182,176,0
-169,-175,4
-174,-170,4
-73,-77,5
10,-76,1
-167,-162,4
27,-73,1
126,-22,6
178,187,0
-165,-169,4
-49,14,2
-41,31,2
-62,-72,5
181,168,0
-35,18,2
-171,-174,4
15,-86,1
-170,-169,4
-167,-163,4
169,173,0
121,-2,6
-171,-170,4
9,-82,1
-49,-1,2
-55,-77,5
-160,-95,3
185,181,0
-171,-170,4
-66,-53,5
145,-10,6
20,-82,1
-166,-170,4
188,172,0
-173,-164,4
-61,-88,5
176,170,0
-57,15,2
23,-95,1
-170,-163,4
-176,-175,4
37,-72,1
-51,10,2
-60,-62,5
125,-21,6
19,-86,1
-34,18,2
9,-81,1
-174,-163,4
-152,-111,3
-177,-165,4
-147,-107,3
-31,22,2
113,-2,6
126,-40,6
-173,-168,4
-81,-77,5
-171,-174,4
109,-20,6
-167,-166,4
180,183,0
-66,-98,5
-134,-89,3
-169,-176,4
129,-2,6
21,-66,1
180,169,0
-147,-106,3
18,-89,1
-157,-97,3
-125,-102,3
132,-21,6
-81,-73,5
195,156,0
-163,-161,4
198,194,0
-51,15,2
-32,12,2
-78,-86,5
-172,-171,4
23,-79,1
-168,-176,4
-81,-62,5
-50,-79,5
-135,-92,3
137,-16,6
-184,-175,4
116,-26,6
-149,-89,3
-143,-109,3
-73,-71,5
-61,47,2
-150,-91,3
117,-23,6
-168,-171,4
24,-76,1
111,-13,6
-166,-87,3
-167,-80,3
-165,-98,3
24,-92,1
16,-70,1
-45,14,2
117,-12,6
18,-80,1
-168,-167,4
-154,-87,3
31,-100,1
-58,11,2
126,-17,6
134,-9,6
-50,15,2
14,-72,1
-64,-90,5
-147,-85,3
-55,-63,5
-68,-86,5
190,153,0
-53,22,2
124,-23,6
-166,-91,3
-170,-166,4
187,160,0
126,-16,6
189,160,0
-51,22,2
-46,11,2
125,-25,6
-173,-171,4
-55,22,2
179,172,0
-157,-93,3
-73,-82,5
-58,-80,5
29,-89,1
-69,-90,5
19,-90,1
-74,-79,5
-61,-86,5
117,-23,6
-82,-81,5
185,184,0
-52,23,2
-61,-62,5
130,-4,6
115,-28,6
28,-82,1
172,163,0
-59,-1,2
-44,18,2
-68,-92,5
93,-23,6
197,179,0
-81,-73,5
-168,-172,4
-49,11,2
-50,22,2
-164,-170,4
-61,26,2
107,-22,6
-168,-169,4
-29,24,2
5,-64,1
-166,-158,4
-33,21,2
111,-27,6
180,179,0
185,160,0
-36,12,2
-173,-167,4
199,178,0
132,-4,6
113,-14,6
-140,-91,3
-160,-92,3
-157,-110,3
-188,-102,3
-56,-94,5
119,-24,6
185,158,0
-91,-67,5
-144,-97,3
-81,-82,5
-175,-165,4
-140,-88,3
174,186,0
29,-93,1
-158,-101,3
193,183,0
27,-72,1
10,-90,1
181,187,0
-42,33,2
28,-84,1
-51,30,2
-148,-99,3
-145,-116,3
113,-17,6
108,-16,6
174,170,0
-74,-84,5
174,170,0
179,168,0
30,-86,1
41,-69,1
19,-66,1
-78,-76,5
128,-19,6
-79,-70,5
165,172,0
-55,30,2
-51,-74,5
-165,-177,4
-32,19,2
166,171,0
-56,22,2
-39,25,2
188,143,0
191,177,0
166,177,0
1,-76,1
-70,-62,5
-45,18,2
-83,-80,5
-77,-70,5
-151,-114,3
-51,35,2
-161,-173,4
179,166,0
-48,10,2
120,-26,6
-57,-76,5
-159,-177,4
129,-26,6
-175,-164,4
7,-76,1
117,-21,6
-165,-168,4
189,185,0
-159,-167,4
-149,-112,3
195,169,0
-159,-83,3
-144,-115,3
6,-84,1
-22,20,2
-159,-85,3
-170,-177,4
-74,-91,5
-167,-167,4
-147,-105,3
-166,-92,3
-60,11,2
-169,-176,4
108,-23,6
-60,-77,5
-140,-98,3
118,-16,6
-167,-174,4
107,-17,6
-86,-81,5
29,-77,1
179,176,0
174,185,0
-167,-166,4
-128,-98,3
-153,-81,3
-145,-94,3
-53,28,2
126,-31,6
19,-88,1
-54,25,2
-155,-102,3
185,172,0
-61,-70,5
127,-7,6
-71,-83,5
-166,-102,3
-67,-67,5
110,-23,6
-141,-100,3
179,188,0
-158,-101,3
-43,2,2
-141,-97,3
-153,-97,3
175,167,0
165,160,0
-52,3,2
131,-8,6
121,-22,6
185,160,0
-138,-107,3
-153,-106,3
185,165,0
-154,-105,3
-69,-99,5
-50,6,2
129,-20,6
-47,22,2
-36,19,2
118,-14,6
173,170,0
133,-10,6
-59,-70,5
-141,-97,3
97,-19,6
113,-1,6
118,49,6
36,-83,1
-175,-170,4
-51,30,2
-71,-81,5
-172,-165,4
19,-66,1
-155,-98,3
-167,-171,4
-176,-167,4
-65,-77,5
160,169,0
-143,-95,3
-76,-81,5
-68,-83,5
174,175,0
-55,-93,5
-47,28,2
26,-83,1
20,-76,1
-43,2,2
-83,-80,5
-147,-94,3
-74,-68,5
123,-33,6
195,175,0
190,157,0
-54,35,2
-114,-111,3
-68,-83,5
100,-14,6
101,-6,6
-41,12,2
-62,33,2
-79,-77,5
18,-83,1
-161,-108,3
-169,-164,4
102,-25,6
-142,-107,3
-37,35,2
-42,31,2
21,-91,1
-80,-74,5
14,-85,1
121,-26,6
-83,-64,5
107,2,6
165,188,0
174,185,0
100,-23,6
-42,16,2
196,183,0
113,-36,6
-55,14,2
121,-22,6
182,176,0
10,-63,1
5,-78,1
42,-92,1
105,-33,6
168,167,0
-52,21,2
164,175,0
-164,-165,4
120,-17,6
-61,-91,5
-150,-112,3
-171,-169,4
-161,-172,4
125,-28,6
155,187,0
189,172,0
29,-85,1
17,-82,1
164,171,0
-167,-95,3
-174,-174,4
170,167,0
176,173,0
37,-81,1
144,-33,6
124,-31,6
-147,-102,3
18,-82,1
126,-14,6
24,-65,1
-51,20,2
-157,-103,3
108,-46,6
-39,23,2
23,-98,1
-60,26,2
19,-80,1
-171,-170,4
-48,25,2
-136,-106,3
20,-62,1
175,174,0
170,157,0
121,-7,6
-147,-109,3
-139,-102,3
14,-83,1
168,183,0
122,-25,6
172,161,0
8,-82,1
117,-17,6
-163,-173,4
179,169,0
-40,38,2
-153,-81,3
183,176,0
-69,-76,5
-62,15,2
186,163,0
177,163,0
-87,-73,5
120,-31,6
-167,-167,4
27,-64,1
-164,-168,4
105,-23,6
13,-73,1
127,-22,6
-88,-81,5
-153,-101,3
-173,-169,4
-172,-165,4
184,161,0
107,-10,6
133,-14,6
182,184,0
-179,-170,4
-142,-102,3
166,179,0
107,-11,6
23,-56,1
-48,1,2
20,-68,1
22,-73,1
-31,18,2
10,-79,1
-160,-109,3
-80,-61,5
-177,-168,4
-71,-86,5
106,-12,6
-59,14,2
178,166,0
30,-77,1
4,-88,1
-172,-165,4
189,160,0
-82,-84,5
27,-86,1
-77,-78,5
116,-13,6
122,-34,6
-72,-85,5
115,-3,6
-83,-73,5
-138,-120,3
175,177,0
182,177,0
-176,-175,4
99,-30,6
174,185,0
108,-16,6
-63,-79,5
-82,-82,5
26,-75,1
174,171,0
-79,-76,5
-173,-166,4
190,187,0
114,-37,6
-170,-170,4
-133,-104,3
-86,-70,5
21,-70,1
125,-29,6
-66,-87,5
189,153,0
-69,-72,5
-159,-98,3
183,167,0
-158,-88,3
169,169,0
-55,14,2
-180,-172,4
-86,-91,5
-137,-110,3
199,176,0
-171,-171,4
-156,-101,3
-166,-174,4
-158,-84,3
116,-29,6
197,161,0
-175,-173,4
-163,-180,4
-58,17,2
114,-30,6
-139,-101,3
170,181,0
168,164,0
120,-29,6
23,-91,1
177,164,0
-149,-90,3
-160,-95,3
-49,15,2
179,158,0
188,179,0
-61,-69,5
-81,-88,5
120,-34,6
-83,-69,5
-83,-78,5
36,-81,1
112,-38,6
118,-32,6
-56,9,2
194,166,0
118,-25,6
-62,11,2
121,-17,6
21,-95,1
129,-19,6
-174,-180,4
-53,-77,5
-168,-167,4
-75,-75,5
-72,-60,5
-157,-109,3
186,168,0
-66,-82,5
-64,-77,5
182,161,0
25,-86,1
168,173,0
14,-74,1
12,-98,1
171,164,0
-161,-96,3
-153,-85,3
-56,-75,5
126,-17,6
-74,-80,5
-137,-92,3
-77,-85,5
-159,-107,3
-162,-101,3
-73,-86,5
-149,-95,3
119,4,6
22,-67,1
165,166,0
22,-86,1
-81,-87,5
11,-89,1
116,-17,6
161,180,0
-146,-115,3
122,-35,6
-72,-76,5
13,-96,1
114,-26,6
-165,-176,4
179,167,0
-169,-175,4
13,-76,1
-49,-4,2
23,-66,1
177,173,0
25,-90,1
-44,16,2
125,-30,6
-148,-104,3
172,170,0
-68,-79,5
-9,-76,1
-146,-84,3
-130,-100,3
124,-13,6
-150,-114,3
-38,21,2
126,-23,6
185,169,0
161,185,0
126,-32,6
-141,-95,3
-140,-94,3
-173,-161,4
-85,-57,5
-167,-169,4
175,171,0
-70,-76,5
-66,-87,5
-164,-90,3
-160,-99,3
18,-69,1
-65,-91,5
-149,-111,3
-48,24,2
-76,-69,5
18,-82,1
-162,-89,3
179,168,0
-164,-98,3
-56,-78,5
-55,22,2
-72,-80,5
-36,3,2
-163,-175,4
25,-96,1
-145,-103,3
-142,-106,3
-72,-80,5
-174,-183,4
-134,-86,3
-34,30,2
115,-14,6
113,-22,6
-143,-88,3
-80,-80,5
20,-85,1
-169,-156,4
-3,-94,1
-65,-77,5
32,-73,1
-159,-115,3
90,-186,4
-166,-167,4
175,170,0
-169,-162,4
-68,-80,5
110,-24,6
-61,-96,5
-78,-61,5
-44,30,2
109,-22,6
-48,17,2
194,167,0
112,-29,6
180,161,0
-159,-174,4
-38,18,2
-140,-96,3
100,-34,6
-55,-71,5
-69,-85,5
185,165,0
23,-86,1
-79,-79,5
-53,31,2
12,-76,1
182,177,0
12,-75,1
-58,-80,5
114,-31,6
-150,-114,3
-81,-82,5
-9,-78,1
189,157,0
118,-32,6
14,-84,1
-143,-107,3
-125,-94,3
2,-91,1
-166,-164,4
182,158,0
-80,-89,5
31,-82,1
20,-72,1
-37,33,2
131,-43,6
-164,-167,4
10,-72,1
-145,-111,3
-79,-83,5
-63,-76,5
-135,-95,3
-155,-99,3
-81,-71,5
-69,-72,5
-46,4,2
-68,-78,5
-83,-86,5
-79,-77,5
-154,-132,3
123,-44,6
-73,-92,5
-86,-111,5
190,170,0
-148,-112,3
187,178,0
-80,-59,5
137,-32,6
-167,-166,4
32,-62,1
119,-22,6
188,183,0
-40,24,2
18,-64,1
-77,-85,5
-152,-102,3
-161,-162,4
-46,15,2
-81,-87,5
-172,-175,4
24,-88,1
-179,-172,4
-162,-175,4
-168,-175,4
-58,1,2
-164,-171,4
-4,-82,1
101,-25,6
32,-81,1
-36,12,2
-171,-174,4
-65,-61,5
5,-79,1
-167,-173,4
-168,-168,4
-164,-172,4
-166,-171,4
181,164,0
-64,-81,5
23,-81,1
-140,-100,3
-77,-72,5
-85,-87,5
-164,-166,4
20,-88,1
-167,-170,4
-160,-169,4
-59,37,2
-138,-93,3
8,-71,1
166,172,0
23,-89,1
24,-73,1
22,-77,1
-64,-87,5
199,190,0
-167,-167,4
173,170,0
33,-86,1
-147,-117,3
-129,-104,3
-67,-71,5
-170,-173,4
-165,-179,4
-56,-97,5
-151,-98,3
-51,12,2
-175,-92,3
155,166,0
-33,17,2
10,-96,1
191,167,0
-62,-96,5
-139,-95,3
-65,-83,5
20,-73,1
119,-29,6
107,-5,6
-72,-68,5
-165,-161,4
-50,-88,5
-84,-68,5
-46,21,2
127,-18,6
117,-5,6
-55,-72,5
125,-39,6
114,-26,6
0,-70,1
-80,-83,5
-146,-82,3
21,-75,1
-69,-69,5
24,-75,1
171,163,0
178,150,0
184,169,0
129,-18,6
14,-78,1
-176,-173,4
-54,17,2
-79,-88,5
-53,8,2
-182,-172,4
108,-12,6
23,-80,1
174,175,0
139,-33,6
-74,-76,5
189,159,0
39,-69,1
-66,19,2
-62,-52,5
-168,-173,4
-144,-121,3
-169,-91,3
-136,-94,3
137,-11,6
-158,-99,3
189,168,0
-31,38,2
-54,21,2
15,-91,1
-169,-169,4
26,-72,1
-156,-91,3
108,-8,6
170,176,0
0,-67,1
-157,-109,3
-62,-77,5
109,-14,6
26,-83,1
-48,17,2
-146,-90,3
-36,40,2
-49,22,2
3,-89,1
-57,15,2
-173,-166,4
173,170,0
-167,-171,4
103,-34,6
11,-68,1
-52,9,2
-65,-76,5
-160,-93,3
23,-91,1
19,-60,1
130,-27,6
-52,-93,5
23,-87,1
184,190,0
-140,-102,3
-138,-95,3
-162,-180,4
117,-26,6
101,-16,6
-135,-94,3
-61,-76,5
-155,-94,3
-63,-75,5
-170,-171,4
187,166,0
-77,-73,5
24,-98,1
-172,-161,4
-142,-90,3
-74,25,2
-138,-97,3
19,-62,1
20,-91,1
122,-22,6
-61,13,2
-155,-85,3
187,157,0
10,-77,1
